Loading dataset
Done
Preprocessing for gradient
236 30
Done
before training:  2015-04-07 01:24:36.608797
[0.0, 0.0, 0.0, 0.0, 0.0, 0.0, 0.0, 0.0, 0.0, 0.0, 0.0, 0.0, 0.0] gradient
[ 0.  0.  0.  0.  0.  0.  0.  0.  0.  0.  0.  0.  0.] cost
[ 0.  0.  0.  0.  0.  0.  0.  0.  0.  0.  0.  0.  0.] gradient
[  7.54204640e-01   9.00663241e-16   3.20061633e-01   3.51821578e-18
   5.14422493e-01   0.00000000e+00   3.06329616e-02   1.51052190e-01
   3.06329616e-02   1.22531846e-01   1.53164808e-01   0.00000000e+00
   3.06329616e-02] cost
[  7.54204640e-01   9.00663241e-16   3.20061633e-01   3.51821578e-18
   5.14422493e-01   0.00000000e+00   3.06329616e-02   1.51052190e-01
   3.06329616e-02   1.22531846e-01   1.53164808e-01   0.00000000e+00
   3.06329616e-02] gradient
[  3.77102320e+00   4.50331620e-15   1.60030817e+00   1.75910789e-17
   2.57211246e+00   0.00000000e+00   1.53164808e-01   7.55260949e-01
   1.53164808e-01   6.12659232e-01   7.65824039e-01   0.00000000e+00
   1.53164808e-01] cost
[  3.77102320e+00   4.50331620e-15   1.60030817e+00   1.75910789e-17
   2.57211246e+00   0.00000000e+00   1.53164808e-01   7.55260949e-01
   1.53164808e-01   6.12659232e-01   7.65824039e-01   0.00000000e+00
   1.53164808e-01] gradient
[  4.90884328e+00   4.78830415e-15   2.99075524e+00   5.29469096e-17
   5.78435750e+00   0.00000000e+00   4.62734473e-01   2.19759946e+00
   4.66335380e-01   1.82202663e+00   2.27973859e+00   0.00000000e+00
   4.59370654e-01] cost
[  4.90884328e+00   4.78830415e-15   2.99075524e+00   5.29469096e-17
   5.78435750e+00   0.00000000e+00   4.62734473e-01   2.19759946e+00
   4.66335380e-01   1.82202663e+00   2.27973859e+00   0.00000000e+00
   4.59370654e-01] gradient
[  4.52376635e+00   1.02295357e-15   3.00741938e+00   8.20348283e-17
   5.64420339e+00   0.00000000e+00   7.19315185e-01   3.14366386e+00
   7.25061128e-01   2.74372319e+00   3.55004503e+00   0.00000000e+00
   7.08652787e-01] cost
[  4.52376635e+00   1.02295357e-15   3.00741938e+00   8.20348283e-17
   5.64420339e+00   0.00000000e+00   7.19315185e-01   3.14366386e+00
   7.25061128e-01   2.74372319e+00   3.55004503e+00   0.00000000e+00
   7.08652787e-01] gradient
[  4.10774756e+00  -6.66976886e-14   2.22496066e+00   2.78098643e-16
   4.67246456e+00   0.00000000e+00   2.43990276e+00   6.56098284e+00
   2.45644929e+00   7.74640228e+00   1.13766540e+01   0.00000000e+00
   2.36063505e+00] cost
[  4.10774756e+00  -6.66976886e-14   2.22496066e+00   2.78098643e-16
   4.67246456e+00   0.00000000e+00   2.43990276e+00   6.56098284e+00
   2.45644929e+00   7.74640228e+00   1.13766540e+01   0.00000000e+00
   2.36063505e+00] gradient
[  3.92441409e+00  -3.83030158e-14   2.80632412e+00   3.55999490e-16
   5.29327443e+00   0.00000000e+00   3.02842734e+00   5.71816856e+00
   3.08376660e+00   8.03212721e+00   1.17126867e+01   0.00000000e+00
   2.88760750e+00] cost
[  3.92441409e+00  -3.83030158e-14   2.80632412e+00   3.55999490e-16
   5.29327443e+00   0.00000000e+00   3.02842734e+00   5.71816856e+00
   3.08376660e+00   8.03212721e+00   1.17126867e+01   0.00000000e+00
   2.88760750e+00] gradient
[  4.18220414e+00  -2.33639309e-14   2.94491022e+00   4.58599008e-16
   6.31146763e+00   0.00000000e+00   4.22434386e+00   4.13182068e+00
   4.32882791e+00   8.56725943e+00   1.22900854e+01   0.00000000e+00
   3.91497772e+00] cost
[  4.18220414e+00  -2.33639309e-14   2.94491022e+00   4.58599008e-16
   6.31146763e+00   0.00000000e+00   4.22434386e+00   4.13182068e+00
   4.32882791e+00   8.56725943e+00   1.22900854e+01   0.00000000e+00
   3.91497772e+00] gradient
[  4.24197387e+00  -1.24760486e-14   2.60107661e+00   5.24984570e-16
   6.73334936e+00   0.00000000e+00   5.06545026e+00   4.06588878e+00
   5.20281031e+00   9.01362674e+00   1.28745641e+01   0.00000000e+00
   4.58341022e+00] cost
[  4.24197387e+00  -1.24760486e-14   2.60107661e+00   5.24984570e-16
   6.73334936e+00   0.00000000e+00   5.06545026e+00   4.06588878e+00
   5.20281031e+00   9.01362674e+00   1.28745641e+01   0.00000000e+00
   4.58341022e+00] gradient
[  4.38417816e+00  -5.41042787e-14   2.66309572e+00   5.80202037e-16
   6.86131178e+00   0.00000000e+00   5.87960034e+00   4.22737844e+00
   6.07563643e+00   9.51917742e+00   1.35606815e+01   0.00000000e+00
   5.24780023e+00] cost
[  4.38417816e+00  -5.41042787e-14   2.66309572e+00   5.80202037e-16
   6.86131178e+00   0.00000000e+00   5.87960034e+00   4.22737844e+00
   6.07563643e+00   9.51917742e+00   1.35606815e+01   0.00000000e+00
   5.24780023e+00] gradient
[  4.30807000e+00  -2.01190010e-14   2.72372101e+00   6.29148559e-16
   6.86826806e+00   0.00000000e+00   6.71886509e+00   4.28918934e+00
   6.98381767e+00   1.00125614e+01   1.42433969e+01   0.00000000e+00
   5.93604300e+00] cost
[  4.30807000e+00  -2.01190010e-14   2.72372101e+00   6.29148559e-16
   6.86826806e+00   0.00000000e+00   6.71886509e+00   4.28918934e+00
   6.98381767e+00   1.00125614e+01   1.42433969e+01   0.00000000e+00
   5.93604300e+00] gradient
[  4.31575187e+00  -1.10570678e-15   2.77312039e+00   6.71789834e-16
   6.69647052e+00   0.00000000e+00   7.41411347e+00   4.37327908e+00
   7.73000659e+00   1.04202893e+01   1.47829174e+01   0.00000000e+00
   6.51386626e+00] cost
[  4.31575187e+00  -1.10570678e-15   2.77312039e+00   6.71789834e-16
   6.69647052e+00   0.00000000e+00   7.41411347e+00   4.37327908e+00
   7.73000659e+00   1.04202893e+01   1.47829174e+01   0.00000000e+00
   6.51386626e+00] gradient
[  4.30125189e+00  -1.26647946e-13   2.75664981e+00   7.37993169e-16
   6.35736607e+00   0.00000000e+00   8.38726478e+00   4.30856270e+00
   8.78997096e+00   1.10433962e+01   1.55518829e+01   0.00000000e+00
   7.34825523e+00] cost
[  4.30125189e+00  -1.26647946e-13   2.75664981e+00   7.37993169e-16
   6.35736607e+00   0.00000000e+00   8.38726478e+00   4.30856270e+00
   8.78997096e+00   1.10433962e+01   1.55518829e+01   0.00000000e+00
   7.34825523e+00] gradient
[  4.33145193e+00  -3.36140311e-13   2.71933389e+00   7.84977515e-16
   6.14467289e+00   0.00000000e+00   8.99465678e+00   4.29916868e+00
   9.45625221e+00   1.14504928e+01   1.60459481e+01   0.00000000e+00
   7.88438727e+00] cost
[  4.33145193e+00  -3.36140311e-13   2.71933389e+00   7.84977515e-16
   6.14467289e+00   0.00000000e+00   8.99465678e+00   4.29916868e+00
   9.45625221e+00   1.14504928e+01   1.60459481e+01   0.00000000e+00
   7.88438727e+00] gradient
[  4.31895545e+00  -3.94395489e-13   2.71094741e+00   4.68693142e-16
   6.14368542e+00   0.00000000e+00   9.19586115e+00   4.27003439e+00
   9.67256631e+00   1.15771277e+01   1.62069367e+01   0.00000000e+00
   8.05942253e+00] cost
[  4.31895545e+00  -3.94395489e-13   2.71094741e+00   4.68693142e-16
   6.14368542e+00   0.00000000e+00   9.19586115e+00   4.27003439e+00
   9.67256631e+00   1.15771277e+01   1.62069367e+01   0.00000000e+00
   8.05942253e+00] gradient
[  4.31225642e+00  -4.71063278e-13   2.70533594e+00   1.95966447e-17
   6.15938591e+00   0.00000000e+00   9.63809657e+00   4.25070155e+00
   1.01463115e+01   1.18615810e+01   1.65761494e+01   0.00000000e+00
   8.44216407e+00] cost
[  4.31225642e+00  -4.71063278e-13   2.70533594e+00   1.95966447e-17
   6.15938591e+00   0.00000000e+00   9.63809657e+00   4.25070155e+00
   1.01463115e+01   1.18615810e+01   1.65761494e+01   0.00000000e+00
   8.44216407e+00] gradient
[  4.31589129e+00  -5.80534027e-13   2.70685948e+00  -8.86889076e-16
   6.19094459e+00   0.00000000e+00   1.03891053e+01   4.26781128e+00
   1.09491127e+01   1.23454822e+01   1.72057740e+01   0.00000000e+00
   9.09138792e+00] cost
[  4.31589129e+00  -5.80534027e-13   2.70685948e+00  -8.86889076e-16
   6.19094459e+00   0.00000000e+00   1.03891053e+01   4.26781128e+00
   1.09491127e+01   1.23454822e+01   1.72057740e+01   0.00000000e+00
   9.09138792e+00] gradient
[  4.31576461e+00  -9.50674813e-13   2.74814687e+00   7.81462697e-16
   6.18912929e+00   0.00000000e+00   1.12119524e+01   4.26955204e+00
   1.18240840e+01   1.28691312e+01   1.78738733e+01   0.00000000e+00
   9.80047621e+00] cost
[  4.31576461e+00  -9.50674813e-13   2.74814687e+00   7.81462697e-16
   6.18912929e+00   0.00000000e+00   1.12119524e+01   4.26955204e+00
   1.18240840e+01   1.28691312e+01   1.78738733e+01   0.00000000e+00
   9.80047621e+00] gradient
[  4.32040912e+00  -1.00986048e-12   2.72867644e+00   2.44694248e-16
   6.19993664e+00   0.00000000e+00   1.15904836e+01   4.28476989e+00
   1.22300092e+01   1.31159898e+01   1.81935903e+01   0.00000000e+00
   1.01295083e+01] cost
[  4.32040912e+00  -1.00986048e-12   2.72867644e+00   2.44694248e-16
   6.19993664e+00   0.00000000e+00   1.15904836e+01   4.28476989e+00
   1.22300092e+01   1.31159898e+01   1.81935903e+01   0.00000000e+00
   1.01295083e+01] gradient
[  4.32221522e+00  -1.17614415e-12   2.71901125e+00   2.68699666e-16
   6.20444873e+00   0.00000000e+00   1.21698280e+01   4.29119804e+00
   1.28498036e+01   1.34905230e+01   1.86750230e+01   0.00000000e+00
   1.06319483e+01] cost
[  4.32221522e+00  -1.17614415e-12   2.71901125e+00   2.68699666e-16
   6.20444873e+00   0.00000000e+00   1.21698280e+01   4.29119804e+00
   1.28498036e+01   1.34905230e+01   1.86750230e+01   0.00000000e+00
   1.06319483e+01] gradient
[  4.32147596e+00  -1.43309860e-12   2.71699342e+00   5.21166901e-16
   6.20392356e+00   0.00000000e+00   1.27980843e+01   4.29019736e+00
   1.35212131e+01   1.38954624e+01   1.91940152e+01   0.00000000e+00
   1.11763502e+01] cost
[  4.32147596e+00  -1.43309860e-12   2.71699342e+00   5.21166901e-16
   6.20392356e+00   0.00000000e+00   1.27980843e+01   4.29019736e+00
   1.35212131e+01   1.38954624e+01   1.91940152e+01   0.00000000e+00
   1.11763502e+01] gradient
[  4.33510979e+00  -7.45260840e-13   2.71940852e+00  -5.14867924e-18
   6.21211456e+00   0.00000000e+00   1.36924001e+01   4.26541041e+00
   1.44752454e+01   1.44679451e+01   1.99274689e+01   0.00000000e+00
   1.19502413e+01] cost
[  4.33510979e+00  -7.45260840e-13   2.71940852e+00  -5.14867924e-18
   6.21211456e+00   0.00000000e+00   1.36924001e+01   4.26541041e+00
   1.44752454e+01   1.44679451e+01   1.99274689e+01   0.00000000e+00
   1.19502413e+01] gradient
[  4.32590190e+00  -1.20980656e-12   2.71777743e+00   3.50309630e-16
   6.20658259e+00   0.00000000e+00   1.30884051e+01   4.28215080e+00
   1.38309196e+01   1.40813069e+01   1.94321155e+01   0.00000000e+00
   1.14275776e+01] cost
[  4.32590190e+00  -1.20980656e-12   2.71777743e+00   3.50309630e-16
   6.20658259e+00   0.00000000e+00   1.30884051e+01   4.28215080e+00
   1.38309196e+01   1.40813069e+01   1.94321155e+01   0.00000000e+00
   1.14275776e+01] gradient
[  4.32138255e+00  -1.35303615e-12   2.71908154e+00   5.89187472e-16
   6.20277204e+00   0.00000000e+00   1.37995990e+01   4.28202898e+00
   1.45906546e+01   1.45393111e+01   2.00186089e+01   0.00000000e+00
   1.20435445e+01] cost
[  4.32138255e+00  -1.35303615e-12   2.71908154e+00   5.89187472e-16
   6.20277204e+00   0.00000000e+00   1.37995990e+01   4.28202898e+00
   1.45906546e+01   1.45393111e+01   2.00186089e+01   0.00000000e+00
   1.20435445e+01] gradient
[  4.31977033e+00  -1.38762894e-12   2.72023893e+00   7.54912080e-16
   6.19979268e+00   0.00000000e+00   1.45275343e+01   4.28218470e+00
   1.53682263e+01   1.50079998e+01   2.06187676e+01   0.00000000e+00
   1.26740260e+01] cost
[  4.31977033e+00  -1.38762894e-12   2.72023893e+00   7.54912080e-16
   6.19979268e+00   0.00000000e+00   1.45275343e+01   4.28218470e+00
   1.53682263e+01   1.50079998e+01   2.06187676e+01   0.00000000e+00
   1.26740260e+01] gradient
[  4.31973361e+00  -1.55079373e-12   2.72063443e+00   8.31318784e-16
   6.20014415e+00   0.00000000e+00   1.52750724e+01   4.28279921e+00
   1.61667465e+01   1.54893184e+01   2.12352910e+01   0.00000000e+00
   1.33215571e+01] cost
[  4.31973361e+00  -1.55079373e-12   2.72063443e+00   8.31318784e-16
   6.20014415e+00   0.00000000e+00   1.52750724e+01   4.28279921e+00
   1.61667465e+01   1.54893184e+01   2.12352910e+01   0.00000000e+00
   1.33215571e+01] gradient
[  4.32445855e+00   1.37541766e-12   2.72079152e+00  -1.74045510e-14
   6.18396292e+00   0.00000000e+00   1.60724315e+01   4.29203083e+00
   1.70196611e+01   1.60047539e+01   2.18951559e+01   0.00000000e+00
   1.40130517e+01] cost
[  4.32445855e+00   1.37541766e-12   2.72079152e+00  -1.74045510e-14
   6.18396292e+00   0.00000000e+00   1.60724315e+01   4.29203083e+00
   1.70196611e+01   1.60047539e+01   2.18951559e+01   0.00000000e+00
   1.40130517e+01] gradient
[  4.32056443e+00  -1.03625848e-12   2.72066205e+00  -2.37521567e-15
   6.19729889e+00   0.00000000e+00   1.54152774e+01   4.28442247e+00
   1.63167202e+01   1.55799509e+01   2.13513195e+01   0.00000000e+00
   1.34431472e+01] cost
[  4.32056443e+00  -1.03625848e-12   2.72066205e+00  -2.37521567e-15
   6.19729889e+00   0.00000000e+00   1.54152774e+01   4.28442247e+00
   1.63167202e+01   1.55799509e+01   2.13513195e+01   0.00000000e+00
   1.34431472e+01] gradient
[  4.32043904e+00  -1.00107358e-12   2.72021347e+00  -2.12720711e-15
   6.19918444e+00   0.00000000e+00   1.61790208e+01   4.28347093e+00
   1.71326028e+01   1.60717166e+01   2.19814029e+01   0.00000000e+00
   1.41047654e+01] cost
[  4.32043904e+00  -1.00107358e-12   2.72021347e+00  -2.12720711e-15
   6.19918444e+00   0.00000000e+00   1.61790208e+01   4.28347093e+00
   1.71326028e+01   1.60717166e+01   2.19814029e+01   0.00000000e+00
   1.41047654e+01] gradient
[  4.32062234e+00  -1.41423486e-12   2.72038983e+00   1.27275528e-14
   6.20216683e+00   0.00000000e+00   1.70077768e+01   4.28491755e+00
   1.80180029e+01   1.66055099e+01   2.26652550e+01   0.00000000e+00
   1.48227399e+01] cost
[  4.32062234e+00  -1.41423486e-12   2.72038983e+00   1.27275528e-14
   6.20216683e+00   0.00000000e+00   1.70077768e+01   4.28491755e+00
   1.80180029e+01   1.66055099e+01   2.26652550e+01   0.00000000e+00
   1.48227399e+01] gradient
[  4.32003934e+00  -1.30434263e-12   2.71721983e+00   2.36852920e-15
   6.19873251e+00   0.00000000e+00   1.84460570e+01   4.28092414e+00
   1.95544831e+01   1.75316094e+01   2.38511802e+01   0.00000000e+00
   1.60687027e+01] cost
[  4.32003934e+00  -1.30434263e-12   2.71721983e+00   2.36852920e-15
   6.19873251e+00   0.00000000e+00   1.84460570e+01   4.28092414e+00
   1.95544831e+01   1.75316094e+01   2.38511802e+01   0.00000000e+00
   1.60687027e+01] gradient
[  4.32034461e+00  -1.36188303e-12   2.71887967e+00   7.79259202e-15
   6.20053075e+00   0.00000000e+00   1.76929626e+01   4.28301512e+00
   1.87499705e+01   1.70466967e+01   2.32302208e+01   0.00000000e+00
   1.54163072e+01] cost
[  4.32034461e+00  -1.36188303e-12   2.71887967e+00   7.79259202e-15
   6.20053075e+00   0.00000000e+00   1.76929626e+01   4.28301512e+00
   1.87499705e+01   1.70466967e+01   2.32302208e+01   0.00000000e+00
   1.54163072e+01] gradient
[  4.32043430e+00  -1.38337549e-12   2.71967418e+00   6.06446422e-15
   6.20051811e+00   0.00000000e+00   1.82745616e+01   4.28326611e+00
   1.93713403e+01   1.74213193e+01   2.37100655e+01   0.00000000e+00
   1.59201823e+01] cost
[  4.32043430e+00  -1.38337549e-12   2.71967418e+00   6.06446422e-15
   6.20051811e+00   0.00000000e+00   1.82745616e+01   4.28326611e+00
   1.93713403e+01   1.74213193e+01   2.37100655e+01   0.00000000e+00
   1.59201823e+01] gradient
[  4.32042685e+00  -1.45460684e-12   2.72014419e+00   1.65995878e-15
   6.20051482e+00   0.00000000e+00   1.91970633e+01   4.28369379e+00
   2.03569175e+01   1.80155213e+01   2.44711464e+01   0.00000000e+00
   1.67193942e+01] cost
[  4.32042685e+00  -1.45460684e-12   2.72014419e+00   1.65995878e-15
   6.20051482e+00   0.00000000e+00   1.91970633e+01   4.28369379e+00
   2.03569175e+01   1.80155213e+01   2.44711464e+01   0.00000000e+00
   1.67193942e+01] gradient
[  4.32041006e+00  -1.68454911e-12   2.72015219e+00   1.76007672e-15
   6.20051973e+00   0.00000000e+00   2.00071511e+01   4.28372729e+00
   2.12223749e+01   1.85372754e+01   2.51394188e+01   0.00000000e+00
   1.74212026e+01] cost
[  4.32041006e+00  -1.68454911e-12   2.72015219e+00   1.76007672e-15
   6.20051973e+00   0.00000000e+00   2.00071511e+01   4.28372729e+00
   2.12223749e+01   1.85372754e+01   2.51394188e+01   0.00000000e+00
   1.74212026e+01] gradient
[  4.32739529e+00  -4.25848421e-12   2.72352071e+00  -3.87093688e-13
   6.20315202e+00   0.00000000e+00   2.17238600e+01   4.26887226e+00
   2.30559006e+01   1.96420618e+01   2.65542901e+01   0.00000000e+00
   1.89080248e+01] cost
[  4.32739529e+00  -4.25848421e-12   2.72352071e+00  -3.87093688e-13
   6.20315202e+00   0.00000000e+00   2.17238600e+01   4.26887226e+00
   2.30559006e+01   1.96420618e+01   2.65542901e+01   0.00000000e+00
   1.89080248e+01] gradient
[  4.32046111e+00  -1.70336245e-12   2.72017681e+00  -1.08212242e-15
   6.20053897e+00   0.00000000e+00   2.00196988e+01   4.28361871e+00
   2.12357764e+01   1.85453505e+01   2.51497603e+01   0.00000000e+00
   1.74320700e+01] cost
[  4.32046111e+00  -1.70336245e-12   2.72017681e+00  -1.08212242e-15
   6.20053897e+00   0.00000000e+00   2.00196988e+01   4.28361871e+00
   2.12357764e+01   1.85453505e+01   2.51497603e+01   0.00000000e+00
   1.74320700e+01] gradient
[  4.32046111e+00  -1.70336245e-12   2.72017681e+00  -1.08212242e-15
   6.20053897e+00   0.00000000e+00   2.00196988e+01   4.28361871e+00
   2.12357764e+01   1.85453505e+01   2.51497603e+01   0.00000000e+00
   1.74320700e+01]
after training:  2015-04-07 01:24:47.431849   total time =  10.823052
0 0
For 37 calls to cost total time taken is 7.90711522102
Per call avg time taken is 0.213705816784
For 38 calls to gradient total time taken is 2.87057065964
Per call avg time taken is 0.0755413331484
