Loading dataset
Done
Preprocessing for gradient
236 30
Done
before training:  2015-04-06 22:33:19.340082
[-23.8, -2.842170943040401e-14, -10.099999999999998, -1.1102230246251565e-16, -16.233333333333334, 0.0, -0.9666666666666667, -4.766666666666667, -0.9666666666666667, -3.8666666666666667, -4.833333333333333, 0.0, -0.9666666666666667]
0.0333333333333
[ -2.38000000e+01  -1.77635684e-15  -1.01000000e+01  -1.11022302e-16
  -1.62333333e+01   0.00000000e+00  -9.66666667e-01  -4.76666667e+00
  -9.66666667e-01  -3.86666667e+00  -4.83333333e+00   0.00000000e+00
  -9.66666667e-01]
0.0343346310638
[ -2.24989614e+01   1.77635684e-15  -9.39624811e+00  -1.11022302e-16
  -1.57472049e+01   0.00000000e+00  -9.66912190e-01  -4.73008699e+00
  -9.66906118e-01  -3.85128942e+00  -4.81102700e+00   0.00000000e+00
  -9.65665369e-01]
0.0386373967202
[ -2.91532891e+00   1.77635684e-15  -4.17979317e+00  -1.11022302e-16
  -9.88708139e+00   0.00000000e+00  -9.72268870e-01  -4.52142483e+00
  -9.83943833e-01  -3.79533859e+00  -4.75132331e+00   0.00000000e+00
  -9.61362603e-01]
0.0517631809768
[  4.92895757e+00  -1.77635684e-15   1.68182618e+00  -1.11022302e-16
   4.00576373e+00   0.00000000e+00  -9.81803164e-01  -3.34163090e+00
  -9.90343028e-01  -3.43623812e+00  -4.86535058e+00   0.00000000e+00
  -9.48236819e-01]
0.065458294311
[  2.70552737e+00   1.77635684e-15   1.73041663e+00  -1.11022302e-16
   3.41589496e+00   0.00000000e+00  -9.76869484e-01  -1.88973305e+00
  -9.83109136e-01  -2.83856231e+00  -4.49611296e+00   0.00000000e+00
  -9.34541706e-01]
0.267633849724
[ -8.52068554e-01  -7.10542736e-15  -1.55229876e+00   2.22044605e-16
  -2.83321607e+00   0.00000000e+00  -8.24134604e-01   1.72417211e+00
  -8.83915735e-01  -7.41165083e-02  -7.72127723e-03   0.00000000e+00
  -7.32366150e-01]
0.38232572325
[ -2.26880064e+00   1.77635684e-15   8.19105231e-01   2.22044605e-16
  -1.28140147e+00   0.00000000e+00  -7.85439118e-01   1.39102500e+00
  -7.82603426e-01  -5.29039467e-02  -9.27732012e-03   0.00000000e+00
  -6.17674277e-01]
0.633597604139
[ -5.19257517e-01  -1.77635684e-15   1.19434700e+00  -1.11022302e-16
   1.12399548e-01   0.00000000e+00  -5.48551631e-01  -2.23652754e-01
  -5.52120329e-01  -3.39373152e-02  -1.32699019e-02   0.00000000e+00
  -3.66402396e-01]
0.771379031096
[ -2.68538551e-01  -1.77635684e-15  -2.80868516e-01  -1.11022302e-16
   4.10016701e-01   0.00000000e+00  -2.95414465e-01  -3.24869845e-01
  -3.49213849e-01  -2.22897982e-02  -1.10955968e-02   0.00000000e+00
  -2.28620969e-01]
0.86766905241
[  5.60696111e-01   1.77635684e-15  -1.13474212e-01  -1.11022302e-16
   4.75457084e-01   0.00000000e+00  -1.61761819e-01  -8.12546098e-02
  -1.99102846e-01  -1.42553401e-02  -6.33104672e-03   0.00000000e+00
  -1.32330948e-01]
0.928822914439
[ -1.42319186e-02   1.77635684e-15   6.40663440e-02  -1.11022302e-16
   4.76008761e-01   0.00000000e+00  -7.97150793e-02   7.99435448e-03
  -8.65949653e-02  -8.46078714e-03  -3.22241568e-03   0.00000000e+00
  -7.11770856e-02]
0.95877337422
[  5.59139241e-03   0.00000000e+00   2.26728060e-01   2.22044605e-16
   3.79029968e-01   0.00000000e+00  -4.27087656e-02   1.25633308e-01
  -4.32501380e-02  -5.65053409e-03  -1.59110821e-03   0.00000000e+00
  -4.12266258e-02]
0.98167437672
[ -1.11540634e-01  -7.10542736e-15   1.47450983e-01  -6.66133815e-16
   1.38731138e-01   0.00000000e+00  -1.64069140e-02   3.54884231e-02
  -1.52615677e-02  -3.01595050e-03  -5.32580110e-04   0.00000000e+00
  -1.83256233e-02]
0.98919723307
[  7.85179229e-02  -1.77635684e-15   3.26332785e-03   6.66133815e-16
  -5.38112878e-02   0.00000000e+00  -8.79436794e-03   2.21856400e-02
  -8.07130432e-03  -2.03211781e-03  -2.65586976e-04   0.00000000e+00
  -1.08027669e-02]
0.990916104011
[ -4.42001874e-03   1.77635684e-15  -3.00858810e-02   6.66133815e-16
  -5.48290843e-02   0.00000000e+00  -7.16508808e-03  -1.94163290e-02
  -6.45279208e-03  -1.78172590e-03  -2.25885952e-04   0.00000000e+00
  -9.08389599e-03]
0.99378693341
[ -5.03876027e-02   7.10542736e-15  -5.33046915e-02  -1.11022302e-16
  -3.94064028e-02   0.00000000e+00  -4.59978120e-03  -4.73076891e-02
  -4.00822995e-03  -1.33729776e-03  -1.58483066e-04   0.00000000e+00
  -6.21306659e-03]
0.996744316633
[ -2.83621764e-02   1.77635684e-15  -4.88940763e-02  -1.11022302e-16
  -8.98943830e-03   0.00000000e+00  -2.17797376e-03  -2.26120896e-02
  -1.80471514e-03  -8.25609751e-04  -8.69957134e-05   0.00000000e+00
  -3.25568337e-03]
0.998395248599
[ -2.83226382e-02   0.00000000e+00   1.06223675e-01   4.44089210e-16
  -1.07600812e-02   0.00000000e+00  -9.83240394e-04  -2.01094663e-02
  -7.53061934e-04  -4.89089582e-04  -4.45250227e-05   0.00000000e+00
  -1.60475140e-03]
0.998844669127
[  9.32565780e-04   1.77635684e-15   3.29224414e-02   4.44089210e-16
  -5.09950244e-04   0.00000000e+00  -6.65250453e-04   1.69003312e-03
  -5.03636301e-04  -3.82817904e-04  -3.26733546e-05   0.00000000e+00
  -1.15533087e-03]
0.999300645007
[  1.20703067e-02   0.00000000e+00  -3.71246949e-03   2.22044605e-16
   3.73337205e-03   0.00000000e+00  -3.70536851e-04   1.08557760e-02
  -2.71404071e-04  -2.63429110e-04  -2.02752246e-05   0.00000000e+00
  -6.99354993e-04]
0.999594122952
[  7.03696213e-03   5.32907052e-15  -1.14911572e-02  -1.11022302e-16
   3.23122111e-03   0.00000000e+00  -1.97469895e-04   9.43059813e-03
  -1.38627868e-04  -1.75665962e-04  -1.20602152e-05   0.00000000e+00
  -4.05877048e-04]
0.9998127625
[  9.55946507e-02   1.77635684e-15  -1.84468063e-03   1.55431223e-15
   1.09098035e-02   0.00000000e+00  -8.08765010e-05  -2.60667447e-02
  -5.39362145e-05  -9.96382466e-05  -5.83697983e-06   0.00000000e+00
  -1.87237500e-04]
0.999684261925
[  3.58371296e-02   5.32907052e-15  -8.36542301e-03   6.66133815e-16
   5.72956905e-03   0.00000000e+00  -1.47793146e-04  -2.05172626e-03
  -1.02038625e-04  -1.46131093e-04  -9.52889749e-06   0.00000000e+00
  -3.15738075e-04]
0.999829439287
[  6.41866458e-03   5.32907052e-15  -3.67177763e-03   6.66133815e-16
   2.14000044e-03   0.00000000e+00  -7.26406414e-05  -2.22586270e-03
  -4.75781999e-05  -9.22709153e-05  -5.28160431e-06   0.00000000e+00
  -1.70560713e-04]
0.99990919725
[ -4.07132182e-03  -5.32907052e-15   6.13669308e-04   4.44089210e-16
  -6.74165233e-04   0.00000000e+00  -3.51057013e-05  -2.00326414e-03
  -2.18380475e-05  -5.77091276e-05  -2.88998794e-06   0.00000000e+00
  -9.08027500e-05]
0.999952477572
[ -4.31122054e-03   1.77635684e-15   2.09622669e-03  -1.11022302e-16
  -3.43326662e-04   0.00000000e+00  -1.66281271e-05  -1.12497286e-03
  -9.82685344e-06  -3.56621606e-05  -1.56058660e-06   0.00000000e+00
  -4.75224284e-05]
0.999976198923
[  2.64579024e-02  -1.77635684e-15   2.88665294e-03   9.99200722e-15
  -1.57416722e-02   0.00000000e+00  -7.49207461e-06   1.20413801e-02
  -4.20239506e-06  -2.13388692e-05  -7.94448142e-07   0.00000000e+00
  -2.38010774e-05]
0.999957918126
[  1.10337801e-03   1.77635684e-15   2.23491945e-03   1.77635684e-15
  -3.03494852e-03   0.00000000e+00  -1.44531223e-05   1.19394096e-03
  -8.46340773e-06  -3.25828915e-05  -1.38588828e-06   0.00000000e+00
  -4.20818742e-05]
0.999978284653
[  2.58490583e-04  -1.77635684e-15   5.27957258e-04   1.33226763e-15
  -1.25117067e-03   0.00000000e+00  -6.73211368e-06  -1.65199227e-04
  -3.74260759e-06  -1.99250277e-05  -7.39369119e-07   0.00000000e+00
  -2.17153467e-05]
0.999989408456
[  1.45583410e-03  -7.10542736e-15   1.20047028e-03  -3.77475828e-15
   1.56476594e-03   0.00000000e+00  -2.93952869e-06   1.90087175e-03
  -1.54421895e-06  -1.16844498e-05  -3.74191375e-07   0.00000000e+00
  -1.05915438e-05]
0.999996953173
[ -2.48391014e-03  -1.77635684e-15  -1.08209212e-02  -3.33066907e-16
  -1.67917922e-03   0.00000000e+00  -6.96250526e-07  -3.80563120e-03
  -3.32077967e-07  -4.62710477e-06  -1.13930942e-07   0.00000000e+00
  -3.04682677e-06]
0.999994149698
[ -4.21319523e-04  -5.32907052e-15  -4.52541037e-03  -2.10942375e-15
   2.05740505e-05   0.00000000e+00  -1.48009116e-06  -8.16445928e-04
  -7.42560522e-07  -7.51547111e-06  -2.12353714e-07   0.00000000e+00
  -5.85030249e-06]
0.999996465328
[  1.96173203e-04  -1.77635684e-15  -1.51599642e-03  -1.99840144e-15
   8.56418952e-06   0.00000000e+00  -8.27795630e-07  -4.57823376e-04
  -3.98935699e-07  -5.16744003e-06  -1.31419786e-07   0.00000000e+00
  -3.53467226e-06]
0.999998410514
[  1.66661692e-04   5.32907052e-15   2.61319031e-04  -6.66133815e-16
   5.38637645e-06   0.00000000e+00  -3.29166663e-07   1.53186415e-04
  -1.48891504e-07  -2.85243585e-06  -6.13940374e-08   0.00000000e+00
  -1.58948584e-06]
0.99999921211
[  5.70586789e-05   1.77635684e-15   2.90740268e-04  -1.11022302e-16
   1.00002482e-05   0.00000000e+00  -1.46420369e-07   2.01036618e-04
  -6.26615689e-08  -1.69284918e-06  -3.14703232e-08   0.00000000e+00
  -7.87889836e-07]
0.999999821866
[  4.56556849e-02   0.00000000e+00   1.33241464e-02  -3.93018951e-14
   2.49309754e-03   0.00000000e+00  -2.63618906e-08  -2.10865241e-02
  -1.00675630e-08  -5.62364856e-07  -7.66500552e-09   0.00000000e+00
  -1.78134231e-07]
0.999999220626
[  3.90872539e-04  -5.32907052e-15   3.86058080e-04  -3.33066907e-16
   2.81705910e-05   0.00000000e+00  -1.44596872e-07   4.59309736e-05
  -6.18297089e-08  -1.67926826e-06  -3.11471169e-08   0.00000000e+00
  -7.79373855e-07]
[  4.32046111e+00   5.59677065e-14   2.72017681e+00  -3.93064049e-16
   6.20053897e+00   0.00000000e+00   2.00196988e+01   4.28361871e+00
   2.12357765e+01   1.85453505e+01   2.51497603e+01   0.00000000e+00
   1.74320700e+01]
after training:  2015-04-06 22:33:49.003142   total time =  29.66306
0 0
For 37 calls to cost total time taken is 7.70072841644
Per call avg time taken is 0.208127795039
For 38 calls to gradient total time taken is 0.0950989723206
Per call avg time taken is 0.00250260453475
