Loading dataset
Done
Preprocessing for gradient
236 30
Done
before training:  2015-04-06 22:28:09.850163
[-23.8, -2.842170943040401e-14, -10.099999999999998, -1.1102230246251565e-16, -16.233333333333334, 0.0, -0.9666666666666667, -4.766666666666667, -0.9666666666666667, -3.8666666666666667, -4.833333333333333, 0.0, -0.9666666666666667]
[-23.8, -2.842170943040401e-14, -10.099999999999998, -1.1102230246251565e-16, -16.233333333333334, 0.0, -0.9666666666666667, -4.766666666666667, -0.9666666666666667, -3.8666666666666667, -4.833333333333333, 0.0, -0.9666666666666667]
[-22.49896141083609, -4.618527782440651e-14, -9.396248110496572, -1.1102230246251565e-16, -15.747204912273105, 0.0, -0.9669121901310753, -4.730086993576667, -0.9669061178419127, -3.8512894200458585, -4.811026996675867, 0.0, -0.9656653689362499]
[-2.915328907606053, 0.0, -4.17979316979681, -1.1102230246251565e-16, -9.887081387152971, 0.0, -0.9722688698910754, -4.521424834975544, -0.983943832594128, -3.795338585569033, -4.751323306541361, 0.0, -0.9613626032797848]
[4.9289575708252364, 2.1316282072803006e-14, 1.6818261783933544, -1.1102230246251565e-16, 4.005763730489164, 0.0, -0.9818031636475935, -3.341630899406062, -0.9903430279791934, -3.436238115961244, -4.8653505844551885, 0.0, -0.9482368190232132]
[2.705527372841118, 4.085620730620576e-14, 1.7304166318173326, -1.1102230246251565e-16, 3.4158949575589723, 0.0, -0.9768694844043421, -1.8897330486874768, -0.9831091360657813, -2.8385623064434817, -4.496112955754347, 0.0, -0.9345417056890355]
[-0.8520685543000468, -4.440892098500626e-14, -1.5522987640625399, -1.1102230246251565e-16, -2.8332160694972366, 0.0, -0.8241346043391929, 1.7241721112438464, -0.8839157354851799, -0.07411650830176297, -0.007721277229420842, 0.0, -0.7323661502759442]
[-2.26880063576246, 4.440892098500626e-14, 0.8191052311378115, 0.0, -1.281401471575066, 0.0, -0.7854391184247451, 1.3910250003461906, -0.7826034258619512, -0.05290394668788201, -0.009277320115142373, 0.0, -0.6176742767504508]
[-0.5192575169859879, 1.7763568394002505e-14, 1.1943469966663223, 0.0, 0.11239954793345674, 0.0, -0.5485516305309311, -0.22365275441084798, -0.552120329394054, -0.03393731519302534, -0.013269901895609948, 0.0, -0.36640239586137413]
[-0.26853855128637605, 7.460698725481052e-14, -0.2808685163386091, 0.0, 0.4100167014475282, 0.0, -0.29541446523826076, -0.3248698451560941, -0.34921384880686057, -0.0222897981626744, -0.011095596797044749, 0.0, -0.22862096890350958]
[0.5606961107481219, -5.684341886080802e-14, -0.1134742115234495, 0.0, 0.47545708367749384, 0.0, -0.161761818579776, -0.08125460984680544, -0.19910284575223658, -0.014255340063408894, -0.0063310467248145486, 0.0, -0.13233094759024588]
[-0.014231918594163062, -1.7763568394002505e-15, 0.06406634397402122, 0.0, 0.4760087607083676, 0.0, -0.07971507933375177, 0.007994354484187838, -0.08659496527817623, -0.008460787139987325, -0.0032224156785103375, 0.0, -0.07117708556086211]
[0.005591392414402208, 2.4868995751603507e-14, 0.2267280602119115, 0.0, 0.3790299680365443, 0.0, -0.042708765554207995, 0.12563330827938834, -0.0432501380204342, -0.005650534089687298, -0.0015911082113637676, 0.0, -0.04122662577984271]
[-0.11154063382945267, 6.039613253960852e-14, 0.14745098337077778, 0.0, 0.1387311384763663, 0.0, -0.016406913998040507, 0.03548842306997191, -0.0152615676872776, -0.0030159505002558262, -0.0005325801103186478, 0.0, -0.01832562328041376]
[0.07851792286550818, 2.842170943040401e-14, 0.003263327847198738, 4.440892098500626e-16, -0.05381128777746724, 0.0, -0.008794367936413638, 0.0221856400143281, -0.00807130432481784, -0.0020321178082776115, -0.0002655869757974827, 0.0, -0.010802766929638885]
[-0.00442001874086273, -2.4868995751603507e-14, -0.03008588100813192, 0.0, -0.054829084312242315, 0.0, -0.007165088081199422, -0.019416328992939214, -0.006452792084362335, -0.0017817259035983746, -0.00022588595165196068, 0.0, -0.009083895988673985]
[-0.050387602715442625, -3.730349362740526e-14, -0.053304691465928755, -1.1102230246251565e-16, -0.03940640284590913, 0.0, -0.004599781204942088, -0.04730768914592787, -0.0040082299549313305, -0.0013372977647803097, -0.0001584830660990022, 0.0, -0.006213066589783045]
[-0.028362176384476356, 1.7763568394002505e-14, -0.04889407627308451, -4.440892098500626e-16, -0.008989438304993769, 0.0, -0.002177973759498242, -0.022612089613497588, -0.0018047151418936203, -0.000825609750595202, -8.699571339665368e-05, 0.0, -0.003255683366940154]
[-0.02832263823388459, -3.552713678800501e-14, 0.10622367511470543, 4.440892098500626e-16, -0.010760081190738902, 0.0, -0.0009832403940953638, -0.020109466267358656, -0.000753061933670085, -0.0004890895821128005, -4.4525022738994835e-05, 0.0, -0.0016047514010040231]
[0.0009325657802250475, 1.5987211554602254e-14, 0.03292244143849743, -1.1102230246251565e-16, -0.0005099502437850845, 0.0, -0.0006652504530089143, 0.0016900331174740657, -0.0005036363010660905, -0.0003828179039135904, -3.2673354600554205e-05, 0.0, -0.0011553308729199685]
[0.012070306716623236, 6.750155989720952e-14, -0.00371246948839854, -1.1102230246251565e-16, 0.0037333720498295975, 0.0, -0.0003705368514506091, 0.010855776048133592, -0.0002714040714412169, -0.00026342910996435265, -2.0275224615673437e-05, 0.0, -0.0006993549929451559]
[0.0070369621297174945, -5.684341886080802e-14, -0.011491157239845506, 0.0, 0.0032312211078568964, 0.0, -0.00019746989548252714, 0.009430598127126544, -0.00013862786826979168, -0.0001756659621503509, -1.2060215236253669e-05, 0.0, -0.0004058770479790086]
[0.0955946506581995, -4.796163466380676e-14, -0.0018446806329723842, -1.1102230246251565e-16, 0.010909803536520712, 0.0, -8.0876501008742e-05, -0.026066744708802325, -5.3936214486793865e-05, -9.963824662673204e-05, -5.836979831030931e-06, 0.0, -0.00018723750014304485]
[0.03583712966684516, 0.0, -0.008365423005876949, 0.0, 0.00572956905005384, 0.0, -0.00014779314613078132, -0.0020517262707056005, -0.000102038624926859, -0.0001461310925137127, -9.528897487953714e-06, 0.0, -0.0003157380747239591]
[0.0064186645815986765, -6.750155989720952e-14, -0.0036717776267600755, 0.0, 0.0021400004386933347, 0.0, -7.264064137202375e-05, -0.0022258627022910815, -4.757819994449797e-05, -9.227091525154663e-05, -5.281604306794918e-06, 0.0, -0.00017056071279231144]
[-0.004071321828266861, 5.684341886080802e-14, 0.0006136693078460098, 0.0, -0.0006741652326844871, 0.0, -3.5105701255755406e-05, -0.002003264138427774, -2.183804749766871e-05, -5.770912760283409e-05, -2.889987939624916e-06, 0.0, -9.080274998496396e-05]
[-0.004311220545481831, -5.1514348342607263e-14, 0.0020962266918171935, 4.440892098500626e-16, -0.0003433266630601395, 0.0, -1.662812706870742e-05, -0.0011249728628772715, -9.826853443861694e-06, -3.566216064587735e-05, -1.5605866003909341e-06, 0.0, -4.752242841399301e-05]
[0.026457902370122355, 4.263256414560601e-14, 0.002886652940981449, -1.3766765505351941e-14, -0.01574167218430844, 0.0, -7.492074613479893e-06, 0.012041380126923684, -4.202395064267783e-06, -2.1338869216069867e-05, -7.944481419386307e-07, 0.0, -2.3801077364216106e-05]
[0.001103378034812863, 2.842170943040401e-14, 0.0022349194480479895, -2.6645352591003757e-15, -0.0030349485363529993, 0.0, -1.445312229908513e-05, 0.0011939409721373195, -8.463407726311267e-06, -3.258289152041627e-05, -1.3858882788042592e-06, 0.0, -4.2081874209398684e-05]
[0.00025849058626903343, 5.5067062021407764e-14, 0.0005279572585372705, -2.6645352591003757e-15, -0.0012511706703541847, 0.0, -6.732113677632157e-06, -0.0001651992256119783, -3.7426075910618195e-06, -1.9925027725964384e-05, -7.393691188184448e-07, 0.0, -2.1715346658623957e-05]
[0.001455834069052031, -2.842170943040401e-14, 0.001200470251255581, 9.992007221626409e-15, 0.0015647659195678898, 0.0, -2.9395286904598805e-06, 0.001900871710672547, -1.5442189493786174e-06, -1.1684449831239618e-05, -3.7419137477456843e-07, 0.0, -1.0591543835647421e-05]
[-0.0024839102204623487, 6.394884621840902e-14, -0.010820921355517044, 2.4424906541753444e-15, -0.0016791793154311563, 0.0, -6.962505170182709e-07, -0.003805631321191605, -3.320779623505743e-07, -4.627104730925424e-06, -1.1393094023759431e-07, 0.0, -3.046826734021124e-06]
[-0.00042131958095481536, 1.7763568394002505e-14, -0.0045254104857885835, 6.439293542825908e-15, 2.0573992287609144e-05, 0.0, -1.4800911446455345e-06, -0.0008164460099244764, -7.425605157429516e-07, -7.515471077024216e-06, -2.1235371328032215e-07, 0.0, -5.850302451371192e-06]
[0.0001961731952064838, -1.7763568394002505e-15, -0.001515996432232214, 5.551115123125783e-15, 8.564184017956222e-06, 0.0, -8.277956313751389e-07, -0.000457823382037148, -3.989356995859339e-07, -5.16744004119829e-06, -1.3141978616459937e-07, 0.0, -3.534672262439642e-06]
[0.00016666168833623374, 6.217248937900877e-14, 0.00026131910121662827, 6.661338147750939e-16, 5.386376997762454e-06, 0.0, -3.291666671456639e-07, 0.00015318639546357815, -1.4889150623531577e-07, -2.8524358781645276e-06, -6.139403829763523e-08, 0.0, -1.5894858572673698e-06]
[5.705870024996784e-05, 3.907985046680551e-14, 0.00029074029348663544, 2.220446049250313e-15, 1.0000259926812305e-05, 0.0, -1.464203717160828e-07, 0.0002010366485576398, -6.266157015488716e-08, -1.6928492012624474e-06, -3.147032412442741e-08, 0.0, -7.878898480306873e-07]
[0.04565569881597753, -3.730349362740526e-14, 0.013324160130315121, -3.2307490016592055e-13, 0.0024930957856881264, 0.0, -2.6361870686386624e-08, -0.021086539766167256, -1.0067554900849984e-08, -5.623645842334213e-07, -7.665001078294154e-09, 0.0, -1.7813411501421683e-07]
[0.0003908724820327336, 4.618527782440651e-14, 0.0003860581542376451, -4.440892098500626e-16, 2.8170579994934997e-05, 0.0, -1.4459687491807927e-07, 4.593097396821122e-05, -6.18297100185572e-08, -1.6792682746569199e-06, -3.114711688567695e-08, 0.0, -7.793738667771777e-07]
[  4.32046111e+00  -1.70336245e-12   2.72017681e+00  -1.08212242e-15
   6.20053897e+00   0.00000000e+00   2.00196988e+01   4.28361871e+00
   2.12357764e+01   1.85453505e+01   2.51497603e+01   0.00000000e+00
   1.74320700e+01]
after training:  2015-04-06 22:28:20.511303   total time =  10.66114
0 0
For 37 calls to cost total time taken is 7.79421877861
Per call avg time taken is 0.210654561584
For 38 calls to gradient total time taken is 2.86420083046
Per call avg time taken is 0.0753737060647
