Loading input
Done
Preprocessing for gradient
Done
before training:  2015-04-23 22:46:03.903444
[ 0.  0.  0.  0.  0.  0.  0.  0.  0.  0.  0.  0.  0.  0.] cost params
--------------------------------------------------
95301.0317406 95301.0317406 0.0
--------------------------------------------------
2597.0 165.136363636
1054.0 1054.0
1182.0 151.272727273
175.0 82.7272727273
2151.0 62.8863636364
165.0 13.6363636364
533.0 18.2727272727
421.0 16.2045454545
1944.0 53.5681818182
12.0 0.272727272727
392.0 8.95454545455
517.0 11.7954545455
0.0 0.0
183.0 4.25
--------------------------------------------------
[  6.11712968e-01   5.71937603e-17   2.59269981e-01   2.32103573e-02
   5.25245812e-01   3.80741329e-02   1.29474919e-01   1.01822580e-01
   4.75520766e-01   2.94988777e-03   9.63515670e-02   1.27079565e-01
   0.00000000e+00   4.49629212e-02] cost params
--------------------------------------------------
91384.1581319 95567.4049845 4183.24685264
--------------------------------------------------
2597.0 294.56598956
1054.0 1054.0
1182.0 194.432118735
175.0 84.2177782276
2151.0 104.344355088
165.0 14.033612487
533.0 20.5444939201
421.0 17.8816367523
1944.0 84.6458487407
12.0 0.270147971486
392.0 9.73224736908
517.0 13.1318086551
0.0 0.0
183.0 4.43667731021
--------------------------------------------------
[  3.05856484e+00   2.85968802e-16   1.29634991e+00   1.16051786e-01
   2.62622906e+00   1.90370665e-01   6.47374596e-01   5.09112899e-01
   2.37760383e+00   1.47494389e-02   4.81757835e-01   6.35397823e-01
   0.00000000e+00   2.24814606e-01] cost params
--------------------------------------------------
78369.2744936 99285.5087568 20916.2342632
--------------------------------------------------
2597.0 1830.62864089
1054.0 1054.0
1182.0 488.916907512
175.0 88.3244497833
2151.0 654.652861152
165.0 14.8961992678
533.0 30.2552594942
421.0 26.387404658
1944.0 449.156948104
12.0 0.232436355788
392.0 12.3274726255
517.0 16.8297762341
0.0 0.0
183.0 5.23759278861
--------------------------------------------------
[  5.36190093e+00   1.41309006e-15   4.42883834e+00   5.40687454e-01
   9.51239285e+00   9.33323602e-01   3.12878578e+00   2.45611496e+00
   9.43248582e+00   7.31189845e-02   2.36081556e+00   3.11028652e+00
   0.00000000e+00   1.10511938e+00] cost params
--------------------------------------------------
72565.3148828 136209.825995 63644.5111124
--------------------------------------------------
2597.0 2973.44899661
1054.0 1054.0
1182.0 1407.13319261
175.0 108.929969959
2151.0 2751.31384335
165.0 26.1476806369
533.0 168.480183433
421.0 147.655688057
1944.0 2339.99563335
12.0 0.204462769316
392.0 57.7104432215
517.0 0.855610683733
0.0 0.0
183.0 12.0339492702
--------------------------------------------------
[  5.04274773e+00   7.82877641e-16   3.98636570e+00   7.39760942e-01
   8.17342786e+00   1.34448695e+00   4.22147542e+00   3.27756336e+00
   8.59671699e+00   1.07898638e-01   3.35247219e+00   4.63365833e+00
   0.00000000e+00   1.61051342e+00] cost params
--------------------------------------------------
69534.0563551 129622.005904 60087.949549
--------------------------------------------------
2597.0 2878.61811625
1054.0 1054.0
1182.0 1330.94944636
175.0 126.816333918
2151.0 2701.2101223
165.0 36.8804673487
533.0 310.068396272
421.0 264.858461744
1944.0 2323.98239812
12.0 0.214672316583
392.0 120.037812973
517.0 14.4362044634
0.0 0.0
183.0 19.0961162923
--------------------------------------------------
[  3.25017137e+00  -6.21443404e-15   2.93551412e+00   1.97211369e+00
  -4.73997952e+00   5.42587597e+00   8.51899614e+00   5.88737628e+00
  -1.45735759e-01   5.05272585e-01   1.10836876e+01   2.12508324e+01
   0.00000000e+00   6.98205475e+00] cost params
--------------------------------------------------
92037.6703045 118344.001747 26306.3314428
--------------------------------------------------
2597.0 1914.71521525
1054.0 1054.0
1182.0 1067.08537245
175.0 323.600303271
2151.0 0.383475008138
165.0 186.222722049
533.0 795.910156683
421.0 632.841120803
1944.0 43.2522332584
12.0 0.367260219624
392.0 393.65089622
517.0 518.999986157
0.0 0.0
183.0 179.000809663
--------------------------------------------------
[  4.69141149e+00  -5.88561367e-16   3.78040391e+00   9.81296078e-01
   5.64246291e+00   2.14441932e+00   5.06376855e+00   3.78907398e+00
   6.88323883e+00   1.85781996e-01   4.86775276e+00   7.89054351e+00
   0.00000000e+00   2.66330936e+00] cost params
--------------------------------------------------
66496.4953824 119963.412317 53466.9169349
--------------------------------------------------
2597.0 2776.27541589
1054.0 1054.0
1182.0 1303.40084832
175.0 153.932130535
2151.0 1871.67571394
165.0 65.9472101888
533.0 484.264434341
421.0 352.989049409
1944.0 2211.44867425
12.0 0.23643696354
392.0 248.118266432
517.0 461.796271945
0.0 0.0
183.0 45.7819745179
--------------------------------------------------
[  4.14667772e+00   9.58772506e-17   3.24103644e+00   1.14847472e+00
   6.37331993e+00   2.87562373e+00   5.46255501e+00   4.19734264e+00
   5.10544118e+00   2.68179200e-01   6.00547410e+00   9.17490578e+00
   0.00000000e+00   3.66470956e+00] cost params
--------------------------------------------------
65772.281707 117131.613841 51359.3321343
--------------------------------------------------
2597.0 2485.18597883
1054.0 1054.0
1182.0 1141.36531087
175.0 173.201931367
2151.0 2036.94571584
165.0 100.991784335
533.0 519.687988878
421.0 425.503237939
1944.0 1786.84728256
12.0 0.267085326882
392.0 333.683805511
517.0 487.09383653
0.0 0.0
183.0 87.3473787712
--------------------------------------------------
[  4.35838909e+00   1.08044820e-15   3.31937877e+00   1.20653696e+00
   6.92167503e+00   3.29868949e+00   5.71193405e+00   4.34486233e+00
   5.48788126e+00   3.32433577e-01   6.54068005e+00   9.68588773e+00
   0.00000000e+00   4.26881749e+00] cost params
--------------------------------------------------
65568.1729713 120353.188254 54785.015283
--------------------------------------------------
2597.0 2579.74810152
1054.0 1054.0
1182.0 1158.50464234
175.0 178.186733888
2151.0 2116.2837853
165.0 119.204690481
533.0 524.735969861
421.0 449.770028077
1944.0 1918.45424615
12.0 0.279343195217
392.0 352.264607438
517.0 486.89716847
0.0 0.0
183.0 114.771842473
--------------------------------------------------
[  4.46441683e+00  -2.30899843e-16   3.46503690e+00   1.27181560e+00
   7.52095813e+00   4.10899475e+00   6.11060278e+00   4.35371338e+00
   5.50834561e+00   4.83971971e-01   7.52213267e+00   1.07520935e+01
   0.00000000e+00   5.42923167e+00] cost params
--------------------------------------------------
65429.99437 123502.845203 58072.8508331
--------------------------------------------------
2597.0 2612.75172303
1054.0 1054.0
1182.0 1194.43257286
175.0 184.814437899
2151.0 2158.22803171
165.0 150.269484269
533.0 541.944235511
421.0 450.578090095
1944.0 1919.33191724
12.0 0.320881679837
392.0 375.717690126
517.0 498.784753785
0.0 0.0
183.0 155.45167258
--------------------------------------------------
[  4.23649409e+00  -4.99797414e-15   2.94151597e+00   1.08331769e+00
   7.79001911e+00   4.67819427e+00   6.09233221e+00   3.87321948e+00
   5.90030674e+00   8.07433225e-01   8.32448732e+00   1.15929139e+01
   0.00000000e+00   6.39885531e+00] cost params
--------------------------------------------------
65462.1278887 124444.438689 58982.3108006
--------------------------------------------------
2597.0 2448.82984345
1054.0 1054.0
1182.0 1033.71958011
175.0 161.112872456
2151.0 2176.56824195
165.0 168.722741129
533.0 536.1352519
421.0 370.225488382
1944.0 2047.20779966
12.0 0.445864309117
392.0 386.352508042
517.0 507.466811862
0.0 0.0
183.0 173.286569676
--------------------------------------------------
[  4.37886961e+00  -2.02014622e-15   3.26854155e+00   1.20106587e+00
   7.62194594e+00   4.32263484e+00   6.10374521e+00   4.17336755e+00
   5.65546206e+00   6.05378067e-01   7.82328387e+00   1.10676822e+01
   0.00000000e+00   5.79316465e+00] cost params
--------------------------------------------------
65411.0859567 123825.288288 58414.2023317
--------------------------------------------------
2597.0 2551.40536122
1054.0 1054.0
1182.0 1137.74948731
175.0 175.612260144
2151.0 2165.48281342
165.0 157.829226663
533.0 539.685495109
421.0 421.260187294
1944.0 1971.06381037
12.0 0.363117273788
392.0 380.765292532
517.0 502.609962219
0.0 0.0
183.0 163.693921585
--------------------------------------------------
[  4.45899614e+00  -2.09795623e-15   3.36808894e+00   1.19720352e+00
   7.76158410e+00   4.66053124e+00   6.20312968e+00   4.13602155e+00
   5.60436503e+00   7.33224459e-01   8.27779161e+00   1.15919455e+01
   0.00000000e+00   6.32882742e+00] cost params
--------------------------------------------------
65387.923562 124970.006375 59582.0828132
--------------------------------------------------
2597.0 2592.73659121
1054.0 1054.0
1182.0 1166.0584591
175.0 174.923534033
2151.0 2168.04794287
165.0 166.660440412
533.0 542.650574644
421.0 414.526642392
1944.0 1950.95090875
12.0 0.407995642774
392.0 385.080408446
517.0 507.759618001
0.0 0.0
183.0 172.244428788
--------------------------------------------------
[  4.46240676e+00  -5.54065302e-16   3.44534877e+00   1.19121302e+00
   7.80940799e+00   4.90754680e+00   6.19072026e+00   4.16286719e+00
   5.58971341e+00   9.29053177e-01   8.70160633e+00   1.20704268e+01
   0.00000000e+00   6.83857658e+00] cost params
--------------------------------------------------
65377.2009819 125687.390016 60310.1890337
--------------------------------------------------
2597.0 2591.90456019
1054.0 1054.0
1182.0 1187.43951454
175.0 174.011734415
2151.0 2168.17391343
165.0 172.442089185
533.0 539.639959001
421.0 418.850879539
1944.0 1946.02137576
12.0 0.491583498534
392.0 388.071311682
517.0 511.642908702
0.0 0.0
183.0 177.543347805
--------------------------------------------------
[  4.57235768e+00   5.32652413e-15   3.32900558e+00   1.20862818e+00
   7.76448247e+00   5.05242764e+00   6.09698358e+00   4.18754426e+00
   5.54584120e+00   1.35670989e+00   9.25711093e+00   1.26400449e+01
   0.00000000e+00   7.52047220e+00] cost params
--------------------------------------------------
65371.3920033 126277.233087 60905.8410836
--------------------------------------------------
2597.0 2652.42159751
1054.0 1054.0
1182.0 1154.85264468
175.0 176.131015531
2151.0 2163.86021091
165.0 174.850681868
533.0 532.008235786
421.0 423.445357901
1944.0 1926.19164882
12.0 0.727797630896
392.0 390.355361238
517.0 514.991449239
0.0 0.0
183.0 181.769678042
--------------------------------------------------
[  4.50464387e+00   7.75870663e-15   3.40992492e+00   1.21209959e+00
   7.69806693e+00   5.09456219e+00   6.03296814e+00   4.19838145e+00
   5.58017191e+00   1.60728955e+00   9.53443443e+00   1.29371188e+01
   0.00000000e+00   7.86497231e+00] cost params
--------------------------------------------------
65363.5457487 126419.410241 61055.8644921
--------------------------------------------------
2597.0 2614.82272019
1054.0 1054.0
1182.0 1178.3183777
175.0 176.520742953
2151.0 2159.50986903
165.0 176.067470211
533.0 528.641115819
421.0 424.98765118
1944.0 1940.76882609
12.0 0.919701195814
392.0 391.326010292
517.0 516.202559716
0.0 0.0
183.0 183.124897489
--------------------------------------------------
[  4.46088871e+00   1.08702555e-14   3.43516052e+00   1.21458522e+00
   7.57356492e+00   5.05861354e+00   5.94921048e+00   4.19503619e+00
   5.59509774e+00   1.97915251e+00   9.85298156e+00   1.32606984e+01
   0.00000000e+00   8.26435050e+00] cost params
--------------------------------------------------
65358.9487239 126410.383457 61051.4347333
--------------------------------------------------
2597.0 2591.66468647
1054.0 1054.0
1182.0 1186.15000792
175.0 176.886096417
2151.0 2150.72298535
165.0 175.609347781
533.0 524.985524988
421.0 424.326560215
1944.0 1947.78639069
12.0 1.28316694559
392.0 392.093915723
517.0 517.204371698
0.0 0.0
183.0 184.262403715
--------------------------------------------------
[  4.44757671e+00   1.72055493e-14   3.43494728e+00   1.21035525e+00
   7.45918922e+00   4.94593864e+00   5.90926938e+00   4.18166458e+00
   5.59632801e+00   2.42509382e+00   1.01644171e+01   1.35657555e+01
   0.00000000e+00   8.65145195e+00] cost params
--------------------------------------------------
65355.1338408 126437.853263 61082.7194218
--------------------------------------------------
2597.0 2585.85156538
1054.0 1054.0
1182.0 1186.76176509
175.0 176.448371616
2151.0 2140.92881094
165.0 173.36775092
533.0 524.890779778
421.0 422.063222101
1944.0 1948.88437621
12.0 1.86782880045
392.0 392.610741403
517.0 517.814738471
0.0 0.0
183.0 185.047245066
--------------------------------------------------
[  4.44006674e+00   2.05096454e-14   3.43919250e+00   1.19038822e+00
   7.45476668e+00   4.66918525e+00   5.92778366e+00   4.16226635e+00
   5.59121682e+00   3.43195038e+00   1.07764583e+01   1.41856975e+01
   0.00000000e+00   9.39364380e+00] cost params
--------------------------------------------------
65347.610122 127057.271424 61709.6613022
--------------------------------------------------
2597.0 2582.71807768
1054.0 1054.0
1182.0 1187.89933528
175.0 174.013093918
2151.0 2139.41469836
165.0 166.969955848
533.0 526.949923825
421.0 418.77129758
1944.0 1947.68832753
12.0 3.85980225522
392.0 393.247612668
517.0 518.364424564
0.0 0.0
183.0 185.989268682
--------------------------------------------------
[  4.42741040e+00   2.60860370e-14   3.39091610e+00   1.35605471e+00
   7.55721498e+00   4.56048636e+00   6.17167471e+00   4.32123698e+00
   5.60123354e+00   5.01929565e+00   1.14697920e+01   1.49256580e+01
   0.00000000e+00   1.01353962e+01] cost params
--------------------------------------------------
65346.0502905 128222.73123 62876.6809398
--------------------------------------------------
2597.0 2570.81286043
1054.0 1054.0
1182.0 1171.99023035
175.0 194.8027705
2151.0 2140.64102104
165.0 164.224737944
533.0 547.093742493
421.0 445.41305735
1944.0 1951.31947791
12.0 7.91199394013
392.0 393.625836944
517.0 518.664731078
0.0 0.0
183.0 186.496786969
--------------------------------------------------
[  4.48609749e+00   2.51649114e-14   3.43498916e+00   1.21519939e+00
   7.63438054e+00   4.43457522e+00   6.09018139e+00   4.14868914e+00
   5.62334569e+00   5.28231829e+00   1.14816598e+01   1.49310957e+01
   0.00000000e+00   1.01364335e+01] cost params
--------------------------------------------------
65340.5188287 128479.979639 63139.46081
--------------------------------------------------
2597.0 2603.25478945
1054.0 1054.0
1182.0 1185.19114915
175.0 176.928442574
2151.0 2149.95611542
165.0 160.315331998
533.0 536.043744564
421.0 416.435980989
1944.0 1955.30079977
12.0 8.46102978438
392.0 393.618439831
517.0 518.640426512
0.0 0.0
183.0 186.48300362
--------------------------------------------------
[  4.47143039e+00   2.44292295e-14   3.42337841e+00   1.19791770e+00
   7.65962877e+00   4.48292250e+00   6.08456998e+00   4.15187527e+00
   5.57419832e+00   5.00851854e+00   1.11866863e+01   1.46280513e+01
   0.00000000e+00   9.76351828e+00] cost params
--------------------------------------------------
65338.8790191 128044.762784 62705.8837648
--------------------------------------------------
2597.0 2597.6887879
1054.0 1054.0
1182.0 1181.98006156
175.0 174.842277377
2151.0 2152.62388438
165.0 161.799579993
533.0 534.930966619
421.0 417.043831073
1944.0 1940.63224787
12.0 7.85214260306
392.0 393.491892699
517.0 518.501127681
0.0 0.0
183.0 186.275069715
--------------------------------------------------
[  4.47480287e+00   2.12373483e-14   3.42421219e+00   1.18620310e+00
   7.69520740e+00   4.51910034e+00   6.09156250e+00   4.18365899e+00
   5.55296778e+00   4.74055007e+00   1.05932265e+01   1.40179645e+01
   0.00000000e+00   8.98630562e+00] cost params
--------------------------------------------------
65336.3699988 127414.785655 62078.4156557
--------------------------------------------------
2597.0 2600.70110368
1054.0 1054.0
1182.0 1182.12894391
175.0 173.376557371
2151.0 2155.82141454
165.0 162.782931764
533.0 534.389555227
421.0 422.471455229
1944.0 1933.63721695
12.0 7.19926894563
392.0 393.08018297
517.0 518.05007425
0.0 0.0
183.0 185.540026628
--------------------------------------------------
[  4.45572203e+00   3.66288252e-14   3.36988097e+00   1.18923356e+00
   7.75895031e+00   4.55218916e+00   6.09658361e+00   4.16606933e+00
   5.53427691e+00   5.12495915e+00   9.74609589e+00   1.31521994e+01
   0.00000000e+00   7.78537506e+00] cost params
--------------------------------------------------
65333.2574038 126405.104434 61071.8470298
--------------------------------------------------
2597.0 2591.06545839
1054.0 1054.0
1182.0 1166.8537529
175.0 173.823931735
2151.0 2162.57021331
165.0 163.843349617
533.0 533.326631835
421.0 419.667966143
1944.0 1928.65951006
12.0 8.13462572265
392.0 391.887555738
517.0 516.60365251
0.0 0.0
183.0 182.875389058
--------------------------------------------------
[  4.50731735e+00   6.44765852e-14   3.53496580e+00   1.22355233e+00
   7.72044352e+00   4.54746867e+00   6.12067102e+00   4.26943511e+00
   5.47376323e+00   6.58783813e+00   9.67665466e+00   1.31012076e+01
   0.00000000e+00   7.51821971e+00] cost params
--------------------------------------------------
65333.7098837 126510.877419 61177.1675355
--------------------------------------------------
2597.0 2621.95477237
1054.0 1054.0
1182.0 1212.30657887
175.0 178.087569687
2151.0 2157.77055758
165.0 163.269851339
533.0 535.297329941
421.0 436.462625229
1944.0 1905.37416567
12.0 10.6151340138
392.0 391.671569487
517.0 516.571079261
0.0 0.0
183.0 181.742982985
--------------------------------------------------
[  4.47972963e+00   4.95865471e-14   3.44669589e+00   1.20520228e+00
   7.74103288e+00   4.54999269e+00   6.10779162e+00   4.21416602e+00
   5.50611955e+00   5.80564510e+00   9.71378449e+00   1.31284726e+01
   0.00000000e+00   7.66106615e+00] cost params
--------------------------------------------------
65331.4017021 126452.254965 61120.853263
--------------------------------------------------
2597.0 2605.47287468
1054.0 1054.0
1182.0 1188.43532939
175.0 175.798538017
2151.0 2160.37544126
165.0 163.578099178
533.0 534.244505193
421.0 427.533531577
1944.0 1917.9220509
12.0 9.50065598265
392.0 391.789844635
517.0 516.588579179
0.0 0.0
183.0 182.378895959
--------------------------------------------------
[  4.47237284e+00   6.40384889e-14   3.43377612e+00   1.20851267e+00
   7.68922443e+00   4.53485741e+00   6.08628664e+00   4.19827513e+00
   5.55629473e+00   6.62512768e+00   9.99589562e+00   1.34227581e+01
   0.00000000e+00   7.95108596e+00] cost params
--------------------------------------------------
65328.4192808 126706.566672 61378.1473907
--------------------------------------------------
2597.0 2598.50769827
1054.0 1054.0
1182.0 1185.03551763
175.0 176.15949675
2151.0 2156.20686773
165.0 163.223448603
533.0 534.07435073
421.0 424.888257011
1944.0 1934.78977462
12.0 10.6769564911
392.0 392.335873077
517.0 517.289942654
0.0 0.0
183.0 183.408127414
--------------------------------------------------
[  4.47855722e+00   8.83151085e-14   3.41357807e+00   1.20575743e+00
   7.61744990e+00   4.56939839e+00   6.05114760e+00   4.17883700e+00
   5.59757392e+00   7.48172969e+00   9.86309736e+00   1.32910597e+01
   0.00000000e+00   7.67335746e+00] cost params
--------------------------------------------------
65327.1512646 126440.959642 61113.8083778
--------------------------------------------------
2597.0 2600.26709281
1054.0 1054.0
1182.0 1179.8545373
175.0 175.835582833
2151.0 2151.32104263
165.0 164.126165296
533.0 533.161751672
421.0 421.664904307
1944.0 1947.68417921
12.0 11.3747533333
392.0 392.095477246
517.0 517.181902985
0.0 0.0
183.0 182.434774627
--------------------------------------------------
[  4.45944901e+00   9.49705843e-14   3.42800070e+00   1.19656627e+00
   7.60340607e+00   4.56534945e+00   6.04193318e+00   4.16438519e+00
   5.59101600e+00   8.02718394e+00   9.91662072e+00   1.33489475e+01
   0.00000000e+00   7.69160533e+00] cost params
--------------------------------------------------
65326.922169 126412.71907 61085.7969006
--------------------------------------------------
2597.0 2590.11382977
1054.0 1054.0
1182.0 1184.04746324
175.0 174.735771788
2151.0 2150.35893088
165.0 164.140938739
533.0 532.910806465
421.0 419.16441974
1944.0 1946.61308028
12.0 11.6281812615
392.0 392.212011556
517.0 517.307121888
0.0 0.0
183.0 182.510635279
--------------------------------------------------
[  4.47098478e+00   1.03476765e-13   3.41948101e+00   1.20212408e+00
   7.59370020e+00   4.56880231e+00   6.04385838e+00   4.16631349e+00
   5.58276815e+00   8.52326271e+00   9.97443614e+00   1.34121460e+01
   0.00000000e+00   7.71862085e+00] cost params
--------------------------------------------------
65326.7507572 126465.139038 61138.3882813
--------------------------------------------------
2597.0 2596.81927269
1054.0 1054.0
1182.0 1181.69554293
175.0 175.435614503
2151.0 2149.25703538
165.0 164.15904665
533.0 533.31493627
421.0 419.516296846
1944.0 1943.39021827
12.0 11.7675964451
392.0 392.301464852
517.0 517.42544147
0.0 0.0
183.0 182.612113575
--------------------------------------------------
[  4.47249690e+00   1.08803780e-13   3.41947761e+00   1.20220307e+00
   7.59725870e+00   4.57436290e+00   6.04424606e+00   4.17262188e+00
   5.58117174e+00   8.90794335e+00   9.96770868e+00   1.34079389e+01
   0.00000000e+00   7.67230760e+00] cost params
--------------------------------------------------
65326.6805119 126468.665003 61141.9844907
--------------------------------------------------
2597.0 2597.6486843
1054.0 1054.0
1182.0 1181.66717521
175.0 175.440644412
2151.0 2149.5615217
165.0 164.29747142
533.0 533.216946627
421.0 420.590834732
1944.0 1942.80152363
12.0 11.8400580437
392.0 392.288709602
517.0 517.413332814
0.0 0.0
183.0 182.431739491
--------------------------------------------------
[  4.47338372e+00   1.13924147e-13   3.42154686e+00   1.20074394e+00
   7.61857918e+00   4.59265529e+00   6.04382682e+00   4.17846836e+00
   5.58690388e+00   9.42349433e+00   9.99601140e+00   1.34379486e+01
   0.00000000e+00   7.68225070e+00] cost params
--------------------------------------------------
65326.6112064 126569.964997 61243.3537903
--------------------------------------------------
2597.0 2597.48412618
1054.0 1054.0
1182.0 1182.12639904
175.0 175.228809404
2151.0 2151.42984835
165.0 164.77653547
533.0 532.463360168
421.0 421.580143913
1944.0 1944.57588051
12.0 11.903588186
392.0 392.335316884
517.0 517.427779637
0.0 0.0
183.0 182.470380413
--------------------------------------------------
[  4.47314655e+00   1.15366376e-13   3.42152745e+00   1.19766275e+00
   7.62055043e+00   4.60372197e+00   6.05104299e+00   4.17434124e+00
   5.58502406e+00   9.80120805e+00   9.99634894e+00   1.34386304e+01
   0.00000000e+00   7.66824822e+00] cost params
--------------------------------------------------
65326.5856067 126575.736697 61249.1510903
--------------------------------------------------
2597.0 2597.26608941
1054.0 1054.0
1182.0 1182.09309942
175.0 174.851810213
2151.0 2151.37408896
165.0 165.070148133
533.0 533.078134896
421.0 420.882015902
1944.0 1943.99629207
12.0 11.9336491777
392.0 392.336089395
517.0 517.425828538
0.0 0.0
183.0 182.415361092
--------------------------------------------------
[  4.46999963e+00   1.24537340e-13   3.41966582e+00   1.20047679e+00
   7.61726583e+00   4.61473276e+00   6.05280892e+00   4.17879137e+00
   5.58442264e+00   1.02153970e+01   9.99705316e+00   1.34379454e+01
   0.00000000e+00   7.67506902e+00] cost params
--------------------------------------------------
65326.5648969 126568.373014 61241.8081174
--------------------------------------------------
2597.0 2595.47423306
1054.0 1054.0
1182.0 1181.549642
175.0 175.19581308
2151.0 2151.0548094
165.0 165.380370066
533.0 533.394975172
421.0 421.642145714
1944.0 1943.97104228
12.0 11.9560934729
392.0 392.34004704
517.0 517.429794441
0.0 0.0
183.0 182.443605605
--------------------------------------------------
[  4.47083795e+00   1.31223321e-13   3.42083893e+00   1.19998735e+00
   7.61500298e+00   4.62355005e+00   6.05199066e+00   4.17570267e+00
   5.58484172e+00   1.06381321e+01   9.99113092e+00   1.34292109e+01
   0.00000000e+00   7.68576153e+00] cost params
--------------------------------------------------
65326.5397401 126567.683923 61241.1441828
--------------------------------------------------
2597.0 2595.87656696
1054.0 1054.0
1182.0 1181.89601113
175.0 175.137739151
2151.0 2150.88187754
165.0 165.603774784
533.0 533.376806586
421.0 421.113175734
1944.0 1944.05845223
12.0 11.9711561727
392.0 392.329502285
517.0 517.419545468
0.0 0.0
183.0 182.485203801
--------------------------------------------------
[  4.47110637e+00   1.39471868e-13   3.41933466e+00   1.19483386e+00
   7.61105209e+00   4.63058467e+00   6.04785943e+00   4.17417572e+00
   5.58369425e+00   1.15718994e+01   9.95347352e+00   1.33804687e+01
   0.00000000e+00   7.72427506e+00] cost params
--------------------------------------------------
65326.4812149 126531.521184 61205.0399687
--------------------------------------------------
2597.0 2596.1280798
1054.0 1054.0
1182.0 1181.50552106
175.0 174.502311488
2151.0 2150.74549919
165.0 165.785724353
533.0 533.124457767
421.0 420.865291602
1944.0 1943.69022487
12.0 11.9886331705
392.0 392.265653228
517.0 517.347232616
0.0 0.0
183.0 182.634123527
--------------------------------------------------
[  4.47870458e+00   1.47774842e-13   3.44369831e+00   1.22380753e+00
   7.60107966e+00   4.62245954e+00   6.06050031e+00   4.17364409e+00
   5.59206075e+00   1.39507143e+01   9.82502868e+00   1.32194765e+01
   0.00000000e+00   7.81044690e+00] cost params
--------------------------------------------------
65326.5346588 126495.894188 61169.3595289
--------------------------------------------------
2597.0 2599.96373245
1054.0 1054.0
1182.0 1188.27145775
175.0 178.092592643
2151.0 2149.53977334
165.0 165.507602896
533.0 534.419951756
421.0 420.650519485
1944.0 1945.851449
12.0 11.9989405856
392.0 392.021625415
517.0 517.078254545
0.0 0.0
183.0 182.93852605
--------------------------------------------------
[  4.47402011e+00   1.42655873e-13   3.42867758e+00   1.20594462e+00
   7.60722788e+00   4.62746886e+00   6.05270692e+00   4.17397185e+00
   5.58690262e+00   1.24841218e+01   9.90421779e+00   1.33187317e+01
   0.00000000e+00   7.75732003e+00] cost params
--------------------------------------------------
65326.445974 126517.803291 61191.357317
--------------------------------------------------
2597.0 2597.59696898
1054.0 1054.0
1182.0 1184.1089718
175.0 175.873972018
2151.0 2150.28100581
165.0 165.67925795
533.0 533.620711828
421.0 420.782998706
1944.0 1944.52068642
12.0 11.9954227286
392.0 392.175823423
517.0 517.248834445
0.0 0.0
183.0 182.75367212
--------------------------------------------------
[  4.47292451e+00   1.45272795e-13   3.42204891e+00   1.20215449e+00
   7.60693297e+00   4.62168826e+00   6.04705890e+00   4.17269160e+00
   5.58552389e+00   1.34916558e+01   9.83803493e+00   1.32358073e+01
   0.00000000e+00   7.80782085e+00] cost params
--------------------------------------------------
65326.3967933 126451.10913 61124.7123368
--------------------------------------------------
2597.0 2597.21631446
1054.0 1054.0
1182.0 1182.27992201
175.0 175.405954693
2151.0 2150.6224794
165.0 165.540442423
533.0 533.147136621
421.0 420.593593594
1944.0 1944.15885295
12.0 11.9983291452
392.0 392.053282276
517.0 517.098554633
0.0 0.0
183.0 182.937340247
--------------------------------------------------
[  4.47241954e+00   1.42928696e-13   3.42276012e+00   1.19628564e+00
   7.60875147e+00   4.61164272e+00   6.04490514e+00   4.17624851e+00
   5.58303252e+00   1.40072704e+01   9.79703057e+00   1.31847910e+01
   0.00000000e+00   7.83302432e+00] cost params
--------------------------------------------------
65326.3882301 126415.713573 61089.3253429
--------------------------------------------------
2597.0 2597.18491496
1054.0 1054.0
1182.0 1182.4749285
175.0 174.676893477
2151.0 2150.95795804
165.0 165.282195118
533.0 532.889906149
421.0 421.203924083
1944.0 1943.4015836
12.0 11.9990024759
392.0 391.973055046
517.0 516.995873077
0.0 0.0
183.0 183.025444274
--------------------------------------------------
[  4.47237057e+00   1.38288251e-13   3.41879359e+00   1.19846423e+00
   7.60784585e+00   4.60262893e+00   6.04624332e+00   4.17394132e+00
   5.58775179e+00   1.41431865e+01   9.78785830e+00   1.31729890e+01
   0.00000000e+00   7.83867822e+00] cost params
--------------------------------------------------
65326.3879773 126409.728382 61083.3404051
--------------------------------------------------
2597.0 2596.96382071
1054.0 1054.0
1182.0 1181.36144883
175.0 174.943107422
2151.0 2150.87022665
165.0 165.048003444
533.0 533.064296705
421.0 420.822681804
1944.0 1944.90729664
12.0 11.9991292549
392.0 391.95464496
517.0 516.973972692
0.0 0.0
183.0 183.045566317
--------------------------------------------------
[  4.47239428e+00   1.40535090e-13   3.42071413e+00   1.19740939e+00
   7.60828434e+00   4.60699328e+00   6.04559539e+00   4.17505843e+00
   5.58546678e+00   1.40773779e+01   9.79229939e+00   1.31787034e+01
   0.00000000e+00   7.83594068e+00] cost params
--------------------------------------------------
65326.3861048 126412.624333 61086.2382282
--------------------------------------------------
2597.0 2597.07083221
1054.0 1054.0
1182.0 1181.90082403
175.0 174.814177258
2151.0 2150.91269859
165.0 165.161544377
533.0 532.979863081
421.0 421.007298355
1944.0 1944.17877503
12.0 11.9990700196
392.0 391.963579498
517.0 516.984606169
0.0 0.0
183.0 183.035834759
--------------------------------------------------
[  4.47225158e+00   1.38427523e-13   3.42084978e+00   1.19872377e+00
   7.60895162e+00   4.60511696e+00   6.04603175e+00   4.17488752e+00
   5.58520171e+00   1.39707591e+01   9.79726912e+00   1.31850079e+01
   0.00000000e+00   7.83050570e+00] cost params
--------------------------------------------------
65326.3853508 126416.347937 61089.9625858
--------------------------------------------------
2597.0 2597.00489733
1054.0 1054.0
1182.0 1181.93724395
175.0 174.977866072
2151.0 2150.94627329
165.0 165.113055659
533.0 532.999682567
421.0 420.976046287
1944.0 1944.09979813
12.0 11.9989654879
392.0 391.973735841
517.0 516.995921602
0.0 0.0
183.0 183.017065865
--------------------------------------------------
[  4.47239006e+00   1.43987964e-13   3.42097196e+00   1.19908807e+00
   7.60984075e+00   4.60188119e+00   6.04656356e+00   4.17517675e+00
   5.58499046e+00   1.38862040e+01   9.80107801e+00   1.31894796e+01
   0.00000000e+00   7.82573899e+00] cost params
--------------------------------------------------
65326.3850544 126420.206607 61093.8215522
--------------------------------------------------
2597.0 2597.09880967
1054.0 1054.0
1182.0 1181.96765608
175.0 175.023080534
2151.0 2150.99867336
165.0 165.027000748
533.0 533.018259595
421.0 421.024362534
1944.0 1944.02451686
12.0 11.9988741339
392.0 391.981221496
517.0 517.003100731
0.0 0.0
183.0 183.000497776
--------------------------------------------------
[  4.47106129e+00   1.50686056e-13   3.42179179e+00   1.19877847e+00
   7.61009142e+00   4.59986737e+00   6.04613635e+00   4.17428271e+00
   5.58497778e+00   1.38780328e+01   9.80122412e+00   1.31890040e+01
   0.00000000e+00   7.82556781e+00] cost params
--------------------------------------------------
65326.3855142 126416.93129 61090.5457759
--------------------------------------------------
2597.0 2596.38331699
1054.0 1054.0
1182.0 1182.20209384
175.0 174.986328908
2151.0 2151.0435014
165.0 164.982609166
533.0 532.981671676
421.0 420.869682037
1944.0 1944.09006091
12.0 11.9988657715
392.0 391.9829247
517.0 517.00166645
0.0 0.0
183.0 183.000189768
--------------------------------------------------
[  4.47215931e+00   1.45151131e-13   3.42111432e+00   1.19903431e+00
   7.60988428e+00   4.60153148e+00   6.04648937e+00   4.17502149e+00
   5.58498826e+00   1.38847850e+01   9.80110339e+00   1.31893970e+01
   0.00000000e+00   7.82570926e+00] cost params
--------------------------------------------------
65326.3850332 126419.637726 61093.2526928
--------------------------------------------------
2597.0 2596.97459197
1054.0 1054.0
1182.0 1182.00837369
175.0 175.01669803
2151.0 2151.00646007
165.0 165.019296036
533.0 533.011906303
421.0 420.997502901
1944.0 1944.03590088
12.0 11.9988726862
392.0 391.981517433
517.0 517.002851733
0.0 0.0
183.0 183.000444305
--------------------------------------------------
[  4.47215931e+00   1.45151131e-13   3.42111432e+00   1.19903431e+00
   7.60988428e+00   4.60153148e+00   6.04648937e+00   4.17502149e+00
   5.58498826e+00   1.38847850e+01   9.80110339e+00   1.31893970e+01
   0.00000000e+00   7.82570926e+00]
  status: 0
 success: True
    nfev: 46
     fun: 65326.385033175517
       x: array([  4.47215931e+00,   1.45151131e-13,   3.42111432e+00,
         1.19903431e+00,   7.60988428e+00,   4.60153148e+00,
         6.04648937e+00,   4.17502149e+00,   5.58498826e+00,
         1.38847850e+01,   9.80110339e+00,   1.31893970e+01,
         0.00000000e+00,   7.82570926e+00])
 message: 'CONVERGENCE: REL_REDUCTION_OF_F_<=_FACTR*EPSMCH'
     jac: array([ -2.54080315e-02,   2.27373675e-13,   8.37369167e-03,
         1.66980298e-02,   6.46006904e-03,   1.92960357e-02,
         1.19063028e-02,  -2.49709863e-03,   3.59008773e-02,
        -1.12731384e-03,  -1.84825667e-02,   2.85173287e-03,
         0.00000000e+00,   4.44304541e-04])
     nit: 38
after training:  2015-04-24 00:16:10.984864   total time =  5407.08142
For 46 calls to cost total time taken is 1034.34592128
Per call avg time taken is 22.4857808973
For 46 calls to gradient total time taken is 4372.69048858
Per call avg time taken is 95.0584888821
