Loading input
Done
Preprocessing for gradient
Done
before training:  2015-04-23 22:06:06.406665
[ 0.  0.  0.  0.  0.  0.  0.  0.  0.  0.  0.  0.  0.  0.] cost params
--------------------------------------------------
802.682582072 802.682582072 0.0
--------------------------------------------------
25.0 1.2
11.0 11.0
12.0 1.9
1.0 1.0
17.0 0.766666666667
0.0 0.0
1.0 0.0333333333333
5.0 0.233333333333
18.0 0.733333333333
1.0 0.0333333333333
4.0 0.133333333333
5.0 0.166666666667
0.0 0.0
1.0 0.0333333333333
--------------------------------------------------
[  6.61635738e-01   4.93824020e-17   2.80778191e-01   0.00000000e+00
   4.51283760e-01   0.00000000e+00   2.68731602e-02   1.32512480e-01
   4.80010241e-01   2.68731602e-02   1.07492641e-01   1.34365801e-01
   0.00000000e+00   2.68731602e-02] cost params
--------------------------------------------------
767.298901999 805.366123454 38.0672214545
--------------------------------------------------
25.0 2.28390797868
11.0 11.0
12.0 2.50401510101
1.0 1.0
17.0 1.18025409628
0.0 0.0
1.0 0.0331369959654
5.0 0.265142796667
18.0 1.15500847624
1.0 0.0331739369218
4.0 0.146787940308
5.0 0.186202710924
0.0 0.0
1.0 0.0342101899961
--------------------------------------------------
[  3.30817869e+00   2.46912010e-16   1.40389096e+00   0.00000000e+00
   2.25641880e+00   0.00000000e+00   1.34365801e-01   6.62562399e-01
   2.40005121e+00   1.34365801e-01   5.37463205e-01   6.71829006e-01
   0.00000000e+00   1.34365801e-01] cost params
--------------------------------------------------
653.537359949 843.873467222 190.336107272
--------------------------------------------------
25.0 17.7171801681
11.0 11.0
12.0 6.92477710656
1.0 1.0
17.0 5.66724304795
0.0 0.0
1.0 0.029062576598
5.0 0.438862369551
18.0 5.62223158731
1.0 0.020251934696
4.0 0.197204010354
5.0 0.247782977966
0.0 0.0
1.0 0.0379451405411
--------------------------------------------------
[  5.46276398e+00  -7.98091736e-16   3.34976504e+00   0.00000000e+00
   7.03448600e+00   0.00000000e+00   5.72789394e-01   2.70667158e+00
   7.65047512e+00   5.77368858e-01   2.24908067e+00   2.81068660e+00
   0.00000000e+00   5.68172548e-01] cost params
--------------------------------------------------
610.870163076 1083.23270156 472.362538487
--------------------------------------------------
25.0 29.0575694727
11.0 11.0
12.0 14.9064416894
1.0 1.0
17.0 22.3624730089
0.0 0.0
1.0 0.0156558863445
5.0 2.38419577611
18.0 21.3089919366
1.0 0.00670865371654
4.0 0.773720319707
5.0 0.0704453103626
0.0 0.0
1.0 0.0573715704747
--------------------------------------------------
[  5.04260073e+00   1.00151582e-15   2.83380730e+00   0.00000000e+00
   5.95208358e+00   0.00000000e+00   8.10943099e-01   3.35368472e+00
   7.06119074e+00   8.17410816e-01   3.03439414e+00   4.00617390e+00
   0.00000000e+00   7.96626707e-01] cost params
--------------------------------------------------
591.35324867 1031.07265898 439.719410312
--------------------------------------------------
25.0 27.594906556
11.0 11.0
12.0 13.0873242389
1.0 1.0
17.0 20.8507319761
0.0 0.0
1.0 0.0283806714593
5.0 3.47618092049
18.0 21.0207545869
1.0 0.0122321843244
4.0 1.35467790855
5.0 0.587566288778
0.0 0.0
1.0 0.0710501279545
--------------------------------------------------
[  3.76475386e+00  -3.65091662e-15   3.03498547e+00   0.00000000e+00
   1.82130591e+00   0.00000000e+00   2.36673386e+00   5.18773472e+00
   3.42876158e+00   2.40310199e+00   6.94359737e+00   1.07763092e+01
   0.00000000e+00   2.28512929e+00] cost params
--------------------------------------------------
601.207391907 939.075547154 337.868155247
--------------------------------------------------
25.0 20.8604368852
11.0 11.0
12.0 13.7419194781
1.0 1.0
17.0 3.16263664557
0.0 0.0
1.0 0.107631957946
5.0 6.02433147612
18.0 10.4859595845
1.0 0.134501339854
4.0 3.85410944124
5.0 4.99643270098
0.0 0.0
1.0 0.253096238524
--------------------------------------------------
[  4.49749394e+00  -9.83129280e-16   2.91962634e+00   0.00000000e+00
   4.18996715e+00   0.00000000e+00   1.47461582e+00   4.13605790e+00
   5.51166094e+00   1.49383852e+00   4.70199085e+00   6.89419345e+00
   0.00000000e+00   1.43159549e+00] cost params
--------------------------------------------------
574.910448759 971.181921502 396.271472743
--------------------------------------------------
25.0 25.2018530419
11.0 11.0
12.0 13.3856811111
1.0 1.0
17.0 12.8119510186
0.0 0.0
1.0 0.0508227627713
5.0 4.78277129959
18.0 18.8229194731
1.0 0.0364360444144
4.0 2.8581227926
5.0 4.56494103627
0.0 0.0
1.0 0.126120979926
--------------------------------------------------
[  4.39141952e+00  -4.70515709e-16   2.43348021e+00   0.00000000e+00
   5.20311883e+00   0.00000000e+00   1.98757620e+00   4.51072785e+00
   4.91526395e+00   2.01475874e+00   5.59878766e+00   7.87228191e+00
   0.00000000e+00   1.91083027e+00] cost params
--------------------------------------------------
569.66399585 975.802382344 406.138386494
--------------------------------------------------
25.0 24.7247120781
11.0 11.0
12.0 11.3916470035
1.0 1.0
17.0 15.8450568422
0.0 0.0
1.0 0.108126688781
5.0 5.3081644368
18.0 17.068368693
1.0 0.0645046629764
4.0 3.4220629539
5.0 4.62970341001
0.0 0.0
1.0 0.18900850399
--------------------------------------------------
[  4.39408355e+00  -8.71031706e-16   2.49870901e+00   0.00000000e+00
   5.88817848e+00   0.00000000e+00   2.68987037e+00   4.72758837e+00
   5.10636977e+00   2.74216955e+00   6.48275906e+00   8.84470609e+00
   0.00000000e+00   2.55880222e+00] cost params
--------------------------------------------------
566.803304377 1000.43694191 433.633637531
--------------------------------------------------
25.0 24.4555845148
11.0 11.0
12.0 11.617404372
1.0 1.0
17.0 16.906871561
0.0 0.0
1.0 0.190725729152
5.0 5.57065067061
18.0 17.7196751983
1.0 0.124672624647
4.0 3.72971177888
5.0 4.73469082597
0.0 0.0
1.0 0.308211592064
--------------------------------------------------
[  4.79412386e+00   7.71995806e-15   2.38293119e+00   0.00000000e+00
   6.86940923e+00   0.00000000e+00   4.80159908e+00   4.58599229e+00
   5.03448138e+00   4.98453669e+00   8.38170381e+00   1.10482816e+01
   0.00000000e+00   4.41510891e+00] cost params
--------------------------------------------------
563.049680131 1044.79800212 481.748321991
--------------------------------------------------
25.0 26.5417840775
11.0 11.0
12.0 10.8813215525
1.0 1.0
17.0 17.5488517407
0.0 0.0
1.0 0.675332540474
5.0 5.40283848493
18.0 17.1734896155
1.0 0.495486037807
4.0 3.94725204819
5.0 4.92241596466
0.0 0.0
1.0 0.740354730214
--------------------------------------------------
[  4.07076016e+00   1.25002527e-14   2.94374810e+00   0.00000000e+00
   7.51648813e+00   0.00000000e+00   6.54299824e+00   4.12411658e+00
   5.21944340e+00   6.99339905e+00   9.75363197e+00   1.25334622e+01
   0.00000000e+00   5.91168150e+00] cost params
--------------------------------------------------
562.815394315 1063.39015562 500.574761307
--------------------------------------------------
25.0 21.5372098222
11.0 11.0
12.0 12.8821545202
1.0 1.0
17.0 17.7533235933
0.0 0.0
1.0 0.893274331823
5.0 4.76464160361
18.0 18.2826102123
1.0 0.926360506808
4.0 3.98995032116
5.0 4.96659737754
0.0 0.0
1.0 0.927195432089
--------------------------------------------------
[  4.57243150e+00   1.26337876e-14   2.73541446e+00   0.00000000e+00
   7.33392792e+00   0.00000000e+00   6.41662338e+00   4.24280498e+00
   5.24391731e+00   6.82178825e+00   9.66133645e+00   1.24675214e+01
   0.00000000e+00   5.80398108e+00] cost params
--------------------------------------------------
561.70717597 1069.14959379 507.442417819
--------------------------------------------------
25.0 24.800676495
11.0 11.0
12.0 12.1350130756
1.0 1.0
17.0 17.6947679963
0.0 0.0
1.0 0.89440175166
5.0 4.94123520294
18.0 18.0214233362
1.0 0.88029671153
4.0 3.98658270619
5.0 4.9701634701
0.0 0.0
1.0 0.919582300809
--------------------------------------------------
[  4.62781823e+00   1.43546738e-14   2.70382473e+00   0.00000000e+00
   7.18818184e+00   0.00000000e+00   6.51765031e+00   4.24824302e+00
   5.21599502e+00   6.93231082e+00   9.73811635e+00   1.25785664e+01
   0.00000000e+00   5.88891580e+00] cost params
--------------------------------------------------
561.573560668 1068.22730425 506.653743583
--------------------------------------------------
25.0 25.1390666034
11.0 11.0
12.0 12.0099947348
1.0 1.0
17.0 17.6367989191
0.0 0.0
1.0 0.905308066924
5.0 4.94912924503
18.0 17.8943470907
1.0 0.887208909078
4.0 3.98724907787
5.0 4.97682451351
0.0 0.0
1.0 0.925643630295
--------------------------------------------------
[  4.75003860e+00   2.61957606e-14   2.63915050e+00   0.00000000e+00
   6.43986702e+00   0.00000000e+00   7.09976925e+00   4.24959061e+00
   5.18557273e+00   7.58488543e+00   1.01618590e+01   1.31559444e+01
   0.00000000e+00   6.37792093e+00] cost params
--------------------------------------------------
561.1719282 1063.14843463 501.976506427
--------------------------------------------------
25.0 25.8122140655
11.0 11.0
12.0 11.7400392452
1.0 1.0
17.0 17.2094956048
0.0 0.0
1.0 0.946859129113
5.0 4.95108271546
18.0 17.7042191831
1.0 0.932006783535
4.0 3.9911300527
5.0 4.99368084169
0.0 0.0
1.0 0.953051831921
--------------------------------------------------
[  4.71678555e+00   2.95965677e-14   2.66761064e+00   0.00000000e+00
   6.16363166e+00   0.00000000e+00   7.55012516e+00   4.26943166e+00
   5.23956347e+00   8.09165016e+00   1.04883252e+01   1.35442628e+01
   0.00000000e+00   6.75934928e+00] cost params
--------------------------------------------------
561.039900788 1063.48764547 502.447744684
--------------------------------------------------
25.0 25.5641044357
11.0 11.0
12.0 11.8371332836
1.0 1.0
17.0 16.9677089394
0.0 0.0
1.0 0.964868224636
5.0 4.97971753613
18.0 17.8980452129
1.0 0.958962990892
4.0 3.99369823244
5.0 4.99670251495
0.0 0.0
1.0 0.967455260708
--------------------------------------------------
[  4.62699218e+00   3.08488562e-14   2.73872274e+00   0.00000000e+00
   6.14317202e+00   0.00000000e+00   8.07533797e+00   4.28345461e+00
   5.26039978e+00   8.68002020e+00   1.08864558e+01   1.39925656e+01
   0.00000000e+00   7.20949069e+00] cost params
--------------------------------------------------
560.963278761 1067.51464963 506.55137087
--------------------------------------------------
25.0 25.0260984059
11.0 11.0
12.0 12.0957407582
1.0 1.0
17.0 16.9463969563
0.0 0.0
1.0 0.977970755088
5.0 4.99981148735
18.0 18.0303263603
1.0 0.978350825178
4.0 3.9959428892
5.0 4.99793362967
0.0 0.0
1.0 0.979003816565
--------------------------------------------------
[  4.60018464e+00   3.09937718e-14   2.73699523e+00   0.00000000e+00
   6.15793965e+00   0.00000000e+00   8.41261758e+00   4.28051614e+00
   5.26418833e+00   9.05414671e+00   1.11521382e+01   1.42980538e+01
   0.00000000e+00   7.50055788e+00] cost params
--------------------------------------------------
560.944274606 1070.70192186 509.757647255
--------------------------------------------------
25.0 24.8620528122
11.0 11.0
12.0 12.0843964388
1.0 1.0
17.0 16.9604839946
0.0 0.0
1.0 0.984194962371
5.0 4.99561079989
18.0 18.0618609568
1.0 0.985313183332
4.0 3.99692690636
5.0 4.99845604767
0.0 0.0
1.0 0.984222421355
--------------------------------------------------
[  4.59392025e+00   3.08510522e-14   2.73912592e+00   0.00000000e+00
   6.17949067e+00   0.00000000e+00   9.04294197e+00   4.27164229e+00
   5.25503717e+00   9.75265643e+00   1.16549734e+01   1.48837369e+01
   0.00000000e+00   8.04608604e+00] cost params
--------------------------------------------------
560.921060785 1077.51906228 516.598001494
--------------------------------------------------
25.0 24.8261330718
11.0 11.0
12.0 12.0875096322
1.0 1.0
17.0 16.9807920059
0.0 0.0
1.0 0.991510963235
5.0 4.98289316805
18.0 18.0390234398
1.0 0.992677138752
4.0 3.99814580944
5.0 4.99912264779
0.0 0.0
1.0 0.990795267904
--------------------------------------------------
[  4.58020626e+00   3.45060589e-14   2.51052039e+00   0.00000000e+00
   6.23197726e+00   0.00000000e+00   9.86604627e+00   4.39658988e+00
   5.33355538e+00   1.06724993e+01   1.22884544e+01   1.56464059e+01
   0.00000000e+00   8.76670866e+00] cost params
--------------------------------------------------
561.011739306 1086.26480177 525.253062463
--------------------------------------------------
25.0 24.6756578117
11.0 11.0
12.0 11.2018262263
1.0 1.0
17.0 17.029715209
0.0 0.0
1.0 0.996743886763
5.0 5.15745307021
18.0 18.2805115557
1.0 0.997099358838
4.0 3.99902175067
5.0 4.99956990402
0.0 0.0
1.0 0.995501097862
--------------------------------------------------
[  4.59183262e+00   3.14074415e-14   2.70432607e+00   0.00000000e+00
   6.18748053e+00   0.00000000e+00   9.16824036e+00   4.29066264e+00
   5.26698973e+00   9.89268100e+00   1.17514060e+01   1.49998354e+01
   0.00000000e+00   8.15578398e+00] cost params
--------------------------------------------------
560.918029276 1078.83356142 517.915532147
--------------------------------------------------
25.0 24.8030371478
11.0 11.0
12.0 11.955410525
1.0 1.0
17.0 16.9883679715
0.0 0.0
1.0 0.992666335245
5.0 5.01009333084
18.0 18.0764883517
1.0 0.993638160019
4.0 3.99831776783
5.0 4.99921287936
0.0 0.0
1.0 0.991743699944
--------------------------------------------------
[  4.61105740e+00   3.29435229e-14   2.71394919e+00   0.00000000e+00
   6.19986467e+00   0.00000000e+00   9.85883129e+00   4.28438619e+00
   5.25444689e+00   1.06585529e+01   1.23027668e+01   1.56467481e+01
   0.00000000e+00   8.75444830e+00] cost params
--------------------------------------------------
560.902450939 1086.86259066 525.960139723
--------------------------------------------------
25.0 24.9216684135
11.0 11.0
12.0 11.9901761695
1.0 1.0
17.0 16.9997857673
0.0 0.0
1.0 0.996287789274
5.0 5.00114212854
18.0 18.0243959908
1.0 0.996987357027
4.0 3.99902179119
5.0 4.99958292871
0.0 0.0
1.0 0.995445852932
--------------------------------------------------
[  4.62666661e+00   3.39973867e-14   2.71700667e+00   0.00000000e+00
   6.20179979e+00   0.00000000e+00   1.05635911e+01   4.28445810e+00
   5.24924408e+00   1.14398178e+01   1.28644471e+01   1.63065758e+01
   0.00000000e+00   9.36591825e+00] cost params
--------------------------------------------------
560.895650461 1094.8656706 533.970020136
--------------------------------------------------
25.0 25.0144257158
11.0 11.0
12.0 12.001046908
1.0 1.0
17.0 17.0014226232
0.0 0.0
1.0 0.998158304453
5.0 5.00124481674
18.0 17.9968848424
1.0 0.998601498001
4.0 3.99943798678
5.0 4.99978399517
0.0 0.0
1.0 0.997523976688
--------------------------------------------------
[  4.63152673e+00   3.14801289e-14   2.71626559e+00   0.00000000e+00
   6.20473537e+00   0.00000000e+00   1.11750661e+01   4.28405891e+00
   5.24889093e+00   1.21174460e+01   1.33515740e+01   1.68776519e+01
   0.00000000e+00   9.89667546e+00] cost params
--------------------------------------------------
560.89293381 1101.64086486 540.747931053
--------------------------------------------------
25.0 25.0419925885
11.0 11.0
12.0 11.9978712603
1.0 1.0
17.0 17.0040997361
0.0 0.0
1.0 0.999000416201
5.0 5.00067471116
18.0 17.9921314628
1.0 0.999286607853
4.0 3.99965388305
5.0 4.99987763337
0.0 0.0
1.0 0.998542216983
--------------------------------------------------
[  4.62321819e+00   4.61630314e-14   2.71287585e+00   0.00000000e+00
   6.20293744e+00   0.00000000e+00   1.19156429e+01   4.27988787e+00
   5.23345940e+00   1.29360905e+01   1.39465254e+01   1.75763985e+01
   0.00000000e+00   1.05405400e+01] cost params
--------------------------------------------------
560.891376652 1109.13835393 548.246977274
--------------------------------------------------
25.0 25.0053434877
11.0 11.0
12.0 11.9844645954
1.0 1.0
17.0 17.0023483704
0.0 0.0
1.0 0.999524135687
5.0 4.99471196816
18.0 17.9514743733
1.0 0.999687293407
4.0 3.99980981833
5.0 4.99993926101
0.0 0.0
1.0 0.99923375659
--------------------------------------------------
[  4.62639275e+00   6.04766031e-14   2.71930406e+00   0.00000000e+00
   6.20591975e+00   0.00000000e+00   1.28724469e+01   4.28326115e+00
   5.25717938e+00   1.39947192e+01   1.47114917e+01   1.84720566e+01
   0.00000000e+00   1.13719091e+01] cost params
--------------------------------------------------
560.88998117 1120.17294377 559.282962602
--------------------------------------------------
25.0 25.0056846193
11.0 11.0
12.0 12.0086530214
1.0 1.0
17.0 17.0051212562
0.0 0.0
1.0 0.999816409579
5.0 4.99953508715
18.0 18.0210762825
1.0 0.999891219586
4.0 3.99991136318
5.0 4.99997512763
0.0 0.0
1.0 0.999666192842
--------------------------------------------------
[  4.62489913e+00   6.89560092e-14   2.71766368e+00   0.00000000e+00
   6.19883839e+00   0.00000000e+00   1.32980212e+01   4.28431820e+00
   5.25282047e+00   1.44654502e+01   1.50520655e+01   1.88717749e+01
   0.00000000e+00   1.17417379e+01] cost params
--------------------------------------------------
560.889648331 1124.54904908 563.659400752
--------------------------------------------------
25.0 25.0002796103
11.0 11.0
12.0 12.0023744337
1.0 1.0
17.0 16.9984365387
0.0 0.0
1.0 0.999880160517
5.0 5.00104503453
18.0 18.0090446758
1.0 0.999932138484
4.0 3.99993699074
5.0 4.99998343422
0.0 0.0
1.0 0.999769364676
--------------------------------------------------
[  4.62363770e+00   7.48159467e-14   2.71674786e+00   0.00000000e+00
   6.19710409e+00   0.00000000e+00   1.40153977e+01   4.28368221e+00
   5.24934286e+00   1.52589531e+01   1.56263705e+01   1.95456636e+01
   0.00000000e+00   1.23651853e+01] cost params
--------------------------------------------------
560.889398213 1132.21200311 571.322604898
--------------------------------------------------
25.0 24.995566111
11.0 11.0
12.0 11.9988375488
1.0 1.0
17.0 16.9967871877
0.0 0.0
1.0 0.999941545092
5.0 5.00013663439
18.0 17.9994761848
1.0 0.999969338314
4.0 3.99996454035
5.0 4.99999156988
0.0 0.0
1.0 0.99987634475
--------------------------------------------------
[  4.62544184e+00   7.79696380e-14   2.71596143e+00   0.00000000e+00
   6.20059737e+00   0.00000000e+00   1.47267409e+01   4.28422278e+00
   5.24858713e+00   1.60457927e+01   1.61955929e+01   2.02130547e+01
   0.00000000e+00   1.29833801e+01] cost params
--------------------------------------------------
560.889275753 1140.02625488 579.136979127
--------------------------------------------------
25.0 25.006491879
11.0 11.0
12.0 11.9959082673
1.0 1.0
17.0 17.0000874023
0.0 0.0
1.0 0.99997131305
5.0 5.00090875418
18.0 17.9958216713
1.0 0.999986020299
4.0 3.99997991392
5.0 4.99999566064
0.0 0.0
1.0 0.999933356359
--------------------------------------------------
[  4.62239039e+00   8.61286714e-14   2.71819622e+00   0.00000000e+00
   6.20279331e+00   0.00000000e+00   1.56280957e+01   4.28342664e+00
   5.24896009e+00   1.70428738e+01   1.69169145e+01   2.10587806e+01
   0.00000000e+00   1.37665990e+01] cost params
--------------------------------------------------
560.889209706 1149.81235464 588.923144931
--------------------------------------------------
25.0 24.9886761095
11.0 11.0
12.0 12.0042337258
1.0 1.0
17.0 17.0021568138
0.0 0.0
1.0 0.999988335785
5.0 4.99977153421
18.0 17.9992600061
1.0 0.999994854408
4.0 3.99999024991
5.0 4.99999813347
0.0 0.0
1.0 0.99996954723
--------------------------------------------------
[  4.62391402e+00   9.09361770e-14   2.71741985e+00   0.00000000e+00
   6.20267940e+00   0.00000000e+00   1.60849138e+01   4.28365397e+00
   5.24957283e+00   1.75482051e+01   1.72823655e+01   2.14872324e+01
   0.00000000e+00   1.41635856e+01] cost params
--------------------------------------------------
560.889176181 1154.81452391 593.925347725
--------------------------------------------------
25.0 24.9969722503
11.0 11.0
12.0 12.0013506014
1.0 1.0
17.0 17.0020488325
0.0 0.0
1.0 0.99999261672
5.0 5.00009629434
18.0 17.9999636571
1.0 0.999996891917
4.0 3.99999322972
5.0 4.99999878406
0.0 0.0
1.0 0.999979525088
--------------------------------------------------
[  4.62478455e+00   9.58202108e-14   2.71694516e+00   0.00000000e+00
   6.20169927e+00   0.00000000e+00   1.68007829e+01   4.28369323e+00
   5.24989154e+00   1.83400962e+01   1.78551124e+01   2.21587845e+01
   0.00000000e+00   1.47856779e+01] cost params
--------------------------------------------------
560.889155376 1162.59844194 601.709286564
--------------------------------------------------
25.0 25.0017313309
11.0 11.0
12.0 11.9995847755
1.0 1.0
17.0 17.0011239724
0.0 0.0
1.0 0.999996392371
5.0 5.00015238446
18.0 18.0002701967
1.0 0.999998591114
4.0 3.99999618017
5.0 4.99999937933
0.0 0.0
1.0 0.999989008552
--------------------------------------------------
[  4.62478536e+00   9.89646220e-14   2.71693082e+00   0.00000000e+00
   6.20060957e+00   0.00000000e+00   1.74794624e+01   4.28360871e+00
   5.24989553e+00   1.90908480e+01   1.83981407e+01   2.27955182e+01
   0.00000000e+00   1.53754435e+01] cost params
--------------------------------------------------
560.889145402 1169.95438272 609.065237318
--------------------------------------------------
25.0 25.0017311561
11.0 11.0
12.0 11.9995295254
1.0 1.0
17.0 17.0000951221
0.0 0.0
1.0 0.999998169912
5.0 5.00003164126
18.0 18.0002816395
1.0 0.999999334988
4.0 3.99999778073
5.0 4.99999967199
0.0 0.0
1.0 0.999993905682
--------------------------------------------------
[  4.62438765e+00   1.07083231e-13   2.71607333e+00   0.00000000e+00
   6.20222704e+00   0.00000000e+00   1.85055915e+01   4.28498960e+00
   5.24982406e+00   2.02259662e+01   1.92191024e+01   2.37581054e+01
   0.00000000e+00   1.62671343e+01] cost params
--------------------------------------------------
560.889143065 1181.11698381 620.227840743
--------------------------------------------------
25.0 24.999463964
11.0 11.0
12.0 11.9962786506
1.0 1.0
17.0 17.0016213105
0.0 0.0
1.0 0.999999344469
5.0 5.00200373377
18.0 18.0003661351
1.0 0.999999786342
4.0 3.99999902368
5.0 4.99999987454
0.0 0.0
1.0 0.999997501552
--------------------------------------------------
[  4.62469034e+00   1.12611708e-13   2.71757010e+00   0.00000000e+00
   6.20127952e+00   0.00000000e+00   1.91617159e+01   4.28418588e+00
   5.24929616e+00   2.09517683e+01   1.97441091e+01   2.43737128e+01
   0.00000000e+00   1.68372940e+01] cost params
--------------------------------------------------
560.88913796 1188.24302839 627.353890426
--------------------------------------------------
25.0 25.0016565781
11.0 11.0
12.0 12.0019384504
1.0 1.0
17.0 17.0007273613
0.0 0.0
1.0 0.999999659548
5.0 5.00085605985
18.0 17.9985384201
1.0 0.999999896579
4.0 3.99999942238
5.0 4.99999993227
0.0 0.0
1.0 0.999998587288
--------------------------------------------------
[  4.62449978e+00   1.13768961e-13   2.71724637e+00   0.00000000e+00
   6.20062802e+00   0.00000000e+00   1.94065198e+01   4.28379356e+00
   5.24960268e+00   2.12225713e+01   1.99399828e+01   2.46033893e+01
   0.00000000e+00   1.70500244e+01] cost params
--------------------------------------------------
560.889136074 1190.88707244 629.997936366
--------------------------------------------------
25.0 25.0003156161
11.0 11.0
12.0 12.0007103509
1.0 1.0
17.0 17.0001122851
0.0 0.0
1.0 0.999999733529
5.0 5.00029569554
18.0 17.9996109305
1.0 0.999999921126
4.0 3.99999952517
5.0 4.99999994621
0.0 0.0
1.0 0.999998858
--------------------------------------------------
[  4.62440821e+00   1.17431763e-13   2.71706573e+00   0.00000000e+00
   6.20030194e+00   0.00000000e+00   1.98988599e+01   4.28356341e+00
   5.24973949e+00   2.17672008e+01   2.03339046e+01   2.50652787e+01
   0.00000000e+00   1.74778604e+01] cost params
--------------------------------------------------
560.889135263 1196.22832304 635.339187778
--------------------------------------------------
25.0 24.9996783404
11.0 11.0
12.0 12.0000254692
1.0 1.0
17.0 16.9998042945
0.0 0.0
1.0 0.999999837153
5.0 4.99996693035
18.0 18.0000944843
1.0 0.999999954252
4.0 3.99999967978
5.0 4.99999996611
0.0 0.0
1.0 0.999999255509
--------------------------------------------------
[  4.62440821e+00   1.17431763e-13   2.71706573e+00   0.00000000e+00
   6.20030194e+00   0.00000000e+00   1.98988599e+01   4.28356341e+00
   5.24973949e+00   2.17672008e+01   2.03339046e+01   2.50652787e+01
   0.00000000e+00   1.74778604e+01]
  status: 0
 success: True
    nfev: 36
     fun: 560.88913526279839
       x: array([  4.62440821e+00,   1.17431763e-13,   2.71706573e+00,
         0.00000000e+00,   6.20030194e+00,   0.00000000e+00,
         1.98988599e+01,   4.28356341e+00,   5.24973949e+00,
         2.17672008e+01,   2.03339046e+01,   2.50652787e+01,
         0.00000000e+00,   1.74778604e+01])
 message: 'CONVERGENCE: REL_REDUCTION_OF_F_<=_FACTR*EPSMCH'
     jac: array([ -3.21659554e-04,   1.77635684e-15,   2.54692215e-05,
         0.00000000e+00,  -1.95705489e-04,   0.00000000e+00,
        -1.62846684e-07,  -3.30696518e-05,   9.44843091e-05,
        -4.57483840e-08,  -3.20215146e-07,  -3.38852226e-08,
         0.00000000e+00,  -7.44490819e-07])
     nit: 32
after training:  2015-04-23 22:07:14.044152   total time =  67.637487
For 36 calls to cost total time taken is 10.4133160114
Per call avg time taken is 0.289258778095
For 36 calls to gradient total time taken is 57.1279199123
Per call avg time taken is 1.58688666423
