Loading input
Done
Preprocessing for gradient
Done
before training:  2015-04-24 03:18:29.819368
[ 0.  0.  0.  0.  0.  0.  0.  0.  0.  0.  0.  0.  0.  0.] cost params
--------------------------------------------------
8593.27626462 8593.27626462 0.0
--------------------------------------------------
233.0 9.34285714286
95.0 95.0
114.0 13.4571428571
10.0 8.42857142857
226.0 8.11428571429
13.0 1.28571428571
47.0 2.2
62.0 2.34285714286
205.0 6.62857142857
1.0 0.0285714285714
24.0 0.685714285714
48.0 1.37142857143
0.0 0.0
12.0 0.342857142857
--------------------------------------------------
[  5.67144442e-01  -3.60355460e-17   2.54954176e-01   3.98479105e-03
   5.52509391e-01   2.97048060e-02   1.13602770e-01   1.51277158e-01
   5.03025532e-01   2.46332537e-03   5.91198090e-02   1.18239618e-01
   0.00000000e+00   2.95599045e-02] cost params
--------------------------------------------------
8203.57364111 8615.36651224 411.792871135
--------------------------------------------------
233.0 16.1824537533
95.0 95.0
114.0 17.1182341739
10.0 8.4189994425
226.0 13.7764966041
13.0 1.31705662978
47.0 2.4335076258
62.0 2.71039443068
205.0 10.7325272227
1.0 0.0280287148792
24.0 0.72169962735
48.0 1.50636029485
0.0 0.0
12.0 0.352824052435
--------------------------------------------------
[  2.83572221e+00  -1.80177730e-16   1.27477088e+00   1.99239552e-02
   2.76254696e+00   1.48524030e-01   5.68013851e-01   7.56385791e-01
   2.51512766e+00   1.23166269e-02   2.95599045e-01   5.91198090e-01
   0.00000000e+00   1.47799522e-01] cost params
--------------------------------------------------
6860.07655701 8919.04091268 2058.96435568
--------------------------------------------------
233.0 108.680106331
95.0 95.0
114.0 42.4465930954
10.0 8.05747196204
226.0 88.700766424
13.0 1.42329160374
47.0 3.33207465414
62.0 4.80389259933
205.0 59.8932451977
1.0 0.0198294165949
24.0 0.829487768623
48.0 1.71156687756
0.0 0.0
12.0 0.395572867706
--------------------------------------------------
[  6.72318807e+00   1.74748643e-15   4.56326423e+00   1.52385905e-01
   8.14183962e+00   8.50343526e-01   3.19244853e+00   4.15738262e+00
   9.39003914e+00   7.24982695e-02   1.70518125e+00   3.40518977e+00
   0.00000000e+00   8.54476227e-01] cost params
--------------------------------------------------
6151.73636199 12638.545884 6486.80952203
--------------------------------------------------
233.0 279.139680744
95.0 95.0
114.0 136.564635639
10.0 7.31505954981
226.0 277.89789199
13.0 2.36893563839
47.0 19.1768988475
62.0 52.0551781914
205.0 229.471241142
1.0 0.00124222090418
24.0 2.41224505237
48.0 0.413263000804
0.0 0.0
12.0 0.774403638942
--------------------------------------------------
[  5.99891668e+00   1.94578950e-15   4.07031846e+00   2.23754931e-01
   7.12128628e+00   1.14074416e+00   3.94762009e+00   4.40991390e+00
   8.95054594e+00   9.97163857e-02   2.29422529e+00   4.70737848e+00
   0.00000000e+00   1.16096334e+00] cost params
--------------------------------------------------
5953.9774654 12031.080853 6077.10338759
--------------------------------------------------
233.0 268.205284858
95.0 95.0
114.0 128.614552948
10.0 7.70325241329
226.0 268.201739426
13.0 3.01361913262
47.0 28.9162184694
62.0 56.7359522489
205.0 229.556742102
1.0 0.0025277179108
24.0 3.99441069218
48.0 3.84732527699
0.0 0.0
12.0 1.02739641744
--------------------------------------------------
[  2.58794467e+00   4.69512786e-15   3.02448814e+00   7.23166435e-01
   8.07074031e-01   3.63184628e+00   6.25712215e+00   4.57450196e+00
   3.88312640e+00   3.64189528e-01   7.20619144e+00   1.55763690e+01
   0.00000000e+00   4.01292680e+00] cost params
--------------------------------------------------
6546.09678834 10073.6023359 3527.50554754
--------------------------------------------------
233.0 88.7213760506
95.0 95.0
114.0 102.330260325
10.0 12.875015953
226.0 12.6227422192
13.0 11.4122351757
47.0 71.8645550851
62.0 59.968806568
205.0 134.157153276
1.0 0.0301486014963
24.0 23.3491899093
48.0 47.9997064875
0.0 0.0
12.0 7.39684387893
--------------------------------------------------
[  4.89979903e+00   2.83170891e-15   3.73332052e+00   3.84680319e-01
   5.08665742e+00   1.94345209e+00   4.69181103e+00   4.46294912e+00
   7.31767115e+00   1.84937577e-01   3.87700833e+00   8.20969373e+00
   0.00000000e+00   2.07995163e+00] cost params
--------------------------------------------------
5755.47809972 11011.0244766 5255.5463769
--------------------------------------------------
233.0 234.546017908
95.0 95.0
114.0 122.584857417
10.0 8.88957985612
226.0 183.458448628
13.0 5.37523034645
47.0 45.7615191782
62.0 57.7970493885
205.0 224.618028992
1.0 0.00714176020849
24.0 11.5431067008
48.0 45.5823450117
0.0 0.0
12.0 2.27657956628
--------------------------------------------------
[  4.46044381e+00   3.65808267e-15   3.32397882e+00   4.70798300e-01
   6.09739293e+00   2.44506025e+00   4.99547096e+00   4.69827406e+00
   6.21416208e+00   2.44614045e-01   4.77188041e+00   9.25191818e+00
   0.00000000e+00   2.68838611e+00] cost params
--------------------------------------------------
5695.1385522 10918.9659181 5223.8273659
--------------------------------------------------
233.0 209.346036824
95.0 95.0
114.0 110.060180709
10.0 9.3449255955
226.0 212.893284188
13.0 7.2160600155
47.0 45.6636665641
62.0 61.7539997858
205.0 213.45675532
1.0 0.0105719889884
24.0 16.6805052713
48.0 45.8960219447
0.0 0.0
12.0 3.60598457035
--------------------------------------------------
[  5.09974289e+00   3.58047695e-15   3.28139578e+00   5.72258084e-01
   6.85145460e+00   3.10315635e+00   5.42405432e+00   4.95035240e+00
   5.12188837e+00   3.35986812e-01   5.81952484e+00   1.04076087e+01
   0.00000000e+00   3.54345525e+00] cost params
--------------------------------------------------
5675.51146516 11126.2538094 5450.74234421
--------------------------------------------------
233.0 247.670267296
95.0 95.0
114.0 108.061115437
10.0 10.0494713404
226.0 222.224115513
13.0 9.42519081598
47.0 47.1048018513
62.0 65.3171814256
205.0 182.05953108
1.0 0.00705377147808
24.0 19.8581195581
48.0 46.6222039917
0.0 0.0
12.0 6.02440606105
--------------------------------------------------
[  5.00164936e+00   3.82543241e-15   3.49785290e+00   5.80737931e-01
   7.07860124e+00   3.24274067e+00   5.53267254e+00   4.97956695e+00
   5.72504840e+00   3.66339491e-01   6.00324018e+00   1.05464347e+01
   0.00000000e+00   3.75323777e+00] cost params
--------------------------------------------------
5663.03532279 11313.0172475 5649.98192468
--------------------------------------------------
233.0 238.642122055
95.0 95.0
114.0 114.037758825
10.0 10.0320277521
226.0 224.734268815
13.0 9.85115694219
47.0 47.3185112811
62.0 65.5771871587
205.0 200.902940607
1.0 0.00787788197277
24.0 20.5140737883
48.0 46.5089933496
0.0 0.0
12.0 6.65054544125
--------------------------------------------------
[  4.86228578e+00   4.58641677e-15   3.58696016e+00   6.19057136e-01
   7.39529190e+00   3.65520299e+00   5.72826387e+00   4.93319217e+00
   5.83771790e+00   4.49732815e-01   6.59970205e+00   1.11803828e+01
   0.00000000e+00   4.34539904e+00] cost params
--------------------------------------------------
5656.44180262 11442.7762574 5786.33445479
--------------------------------------------------
233.0 229.818842525
95.0 95.0
114.0 116.155391657
10.0 10.2733233654
226.0 226.949726644
13.0 11.0674240165
47.0 48.0349020419
62.0 64.9161483351
205.0 204.345915856
1.0 0.00956689564078
24.0 21.9818226813
48.0 46.9129920481
0.0 0.0
12.0 8.30261249011
--------------------------------------------------
[  4.92326055e+00   3.81430203e-15   3.48713248e+00   6.42641520e-01
   7.70758481e+00   4.18457155e+00   5.88185842e+00   4.78659848e+00
   5.97629464e+00   5.92606102e-01   7.35338734e+00   1.19612577e+01
   0.00000000e+00   5.14675568e+00] cost params
--------------------------------------------------
5651.93043896 11610.6554559 5958.72501693
--------------------------------------------------
233.0 231.33259231
95.0 95.0
114.0 113.372128433
10.0 10.4117739571
226.0 228.587859926
13.0 12.3303084275
47.0 48.2720201164
62.0 62.9466313334
205.0 207.086581951
1.0 0.0104998788847
24.0 22.9488109061
48.0 47.3174688766
0.0 0.0
12.0 10.0003084492
--------------------------------------------------
[  4.90881198e+00   9.41777128e-16   3.70293855e+00   5.87706926e-01
   7.82160397e+00   4.64542647e+00   5.81395361e+00   4.71654607e+00
   5.83076605e+00   8.67108061e-01   8.09655408e+00   1.25877741e+01
   0.00000000e+00   6.00966401e+00] cost params
--------------------------------------------------
5650.08615897 11682.4267034 6032.34054443
--------------------------------------------------
233.0 230.955169421
95.0 95.0
114.0 118.844226414
10.0 9.97307159846
226.0 229.270229365
13.0 13.1186668677
47.0 47.3533169372
62.0 61.8021548719
205.0 203.950041918
1.0 0.013929770049
24.0 23.4840728875
48.0 47.5894732424
0.0 0.0
12.0 11.0672677741
--------------------------------------------------
[  4.95129895e+00   1.02115894e-15   3.51596042e+00   5.58739587e-01
   7.75032052e+00   4.88988667e+00   5.70441688e+00   4.69865925e+00
   5.86495845e+00   1.10442734e+00   8.55657016e+00   1.29287965e+01
   0.00000000e+00   6.57037052e+00] cost params
--------------------------------------------------
5648.44960038 11691.2798434 6042.830243
--------------------------------------------------
233.0 232.838880862
95.0 95.0
114.0 114.124273029
10.0 9.74882218171
226.0 228.97503885
13.0 13.4868741998
47.0 46.7314583018
62.0 61.6451202207
205.0 204.516713441
1.0 0.0170118656467
24.0 23.6625210892
48.0 47.7271318855
0.0 0.0
12.0 11.4495244466
--------------------------------------------------
[  4.96261145e+00  -8.71440992e-16   3.44958532e+00   5.42016237e-01
   7.57839592e+00   5.08955919e+00   5.59472792e+00   4.70227346e+00
   5.86968812e+00   1.41309806e+00   9.02830660e+00   1.32409952e+01
   0.00000000e+00   7.16108271e+00] cost params
--------------------------------------------------
5647.5061799 11678.7217326 6031.2155527
--------------------------------------------------
233.0 233.439288164
95.0 95.0
114.0 112.381157649
10.0 9.62594779772
226.0 227.950579846
13.0 13.7329120751
47.0 46.3129046333
62.0 61.7383963757
205.0 204.566098206
1.0 0.0228163667048
24.0 23.7862270856
48.0 47.8310372041
0.0 0.0
12.0 11.6888045265
--------------------------------------------------
[  4.97299096e+00   3.68192681e-15   3.46053500e+00   5.74972160e-01
   7.32087034e+00   5.25186962e+00   5.54970231e+00   4.71828339e+00
   5.88694992e+00   1.96336589e+00   9.69488266e+00   1.36607601e+01
   0.00000000e+00   7.99566666e+00] cost params
--------------------------------------------------
5646.53365876 11674.7816114 6028.24795261
--------------------------------------------------
233.0 233.998222905
95.0 95.0
114.0 112.739832786
10.0 9.88024847213
226.0 225.830907888
13.0 13.899078682
47.0 46.6738681406
62.0 61.9685547214
205.0 204.89920614
1.0 0.038591408159
24.0 23.8887807672
48.0 47.9135972485
0.0 0.0
12.0 11.8628157732
--------------------------------------------------
[  4.95696051e+00   1.81719004e-15   3.49597540e+00   5.95731504e-01
   7.18382505e+00   5.27519247e+00   5.54311262e+00   4.72646170e+00
   5.89178780e+00   2.61549141e+00   1.03437661e+01   1.41276976e+01
   0.00000000e+00   8.79734386e+00] cost params
--------------------------------------------------
5645.85655899 11693.3957394 6047.53918036
--------------------------------------------------
233.0 233.261989923
95.0 95.0
114.0 113.741582018
10.0 10.0431998699
226.0 224.474679037
13.0 13.9200205898
47.0 47.06752862
62.0 62.0680954598
205.0 205.089488936
1.0 0.0724120842186
24.0 23.9421616733
48.0 47.9525814062
0.0 0.0
12.0 11.938043838
--------------------------------------------------
[  4.96721634e+00  -4.51668893e-15   3.56594886e+00   6.22910311e-01
   7.08284789e+00   5.22782404e+00   5.51098180e+00   4.73348797e+00
   5.92254893e+00   4.12268759e+00   1.17584984e+01   1.51949108e+01
   0.00000000e+00   1.05351629e+01] cost params
--------------------------------------------------
5644.68213462 11792.1954056 6147.51327096
--------------------------------------------------
233.0 233.565008736
95.0 95.0
114.0 115.650776931
10.0 10.2582114985
226.0 223.433890323
13.0 13.8637017382
47.0 47.0860284192
62.0 62.1295513777
205.0 205.714755437
1.0 0.258965972589
24.0 23.9858214024
48.0 47.9852073783
0.0 0.0
12.0 11.9890484369
--------------------------------------------------
[  4.83932575e+00  -1.40809846e-14   3.52806065e+00   6.46341715e-01
   7.08734745e+00   5.10769280e+00   5.50534925e+00   4.76961114e+00
   5.82440069e+00   7.24560853e+00   1.47092216e+01   1.74332571e+01
   0.00000000e+00   1.41401671e+01] cost params
--------------------------------------------------
5643.65755222 11963.2380387 6319.58048645
--------------------------------------------------
233.0 227.104727696
95.0 95.0
114.0 114.639632043
10.0 10.4471217342
226.0 223.635537733
13.0 13.7618007501
47.0 47.1031627201
62.0 62.67771687
205.0 204.15187071
1.0 0.89791700276
24.0 23.9993070864
48.0 47.998415219
0.0 0.0
12.0 11.9997018316
--------------------------------------------------
[  5.00670124e+00  -1.77527320e-14   3.57376706e+00   6.37186191e-01
   7.24038573e+00   4.95495278e+00   5.55613460e+00   4.77080922e+00
   5.90475411e+00   8.41700543e+00   1.57642604e+01   1.82539645e+01
   0.00000000e+00   1.54187812e+01] cost params
--------------------------------------------------
5642.90879879 12139.3710683 6496.46226948
--------------------------------------------------
233.0 234.845370262
95.0 95.0
114.0 115.794098387
10.0 10.3595722569
226.0 224.880049056
13.0 13.5511868015
47.0 46.93522377
62.0 62.6696067097
205.0 205.116009169
1.0 0.961236551131
24.0 23.999735774
48.0 47.9991902727
0.0 0.0
12.0 11.9999169991
--------------------------------------------------
[  4.98424051e+00  -1.91904994e-14   3.53329703e+00   6.27013470e-01
   7.32172832e+00   4.86455490e+00   5.58713029e+00   4.75742647e+00
   5.89953163e+00   8.68401970e+00   1.59675039e+01   1.84246581e+01
   0.00000000e+00   1.56623459e+01] cost params
--------------------------------------------------
5642.70046558 12162.2397176 6519.53925201
--------------------------------------------------
233.0 233.70171521
95.0 95.0
114.0 114.713184755
10.0 10.275934439
226.0 225.59840843
13.0 13.445557303
47.0 46.9768564913
62.0 62.4992824164
205.0 205.118360318
1.0 0.970577079312
24.0 23.9997870702
48.0 47.9992608346
0.0 0.0
12.0 11.9999349565
--------------------------------------------------
[  4.97117045e+00  -2.11273891e-14   3.49750808e+00   6.08079770e-01
   7.39375868e+00   4.68930182e+00   5.62111405e+00   4.73029892e+00
   5.88644203e+00   9.20937460e+00   1.63575187e+01   1.87315680e+01
   0.00000000e+00   1.61411079e+01] cost params
--------------------------------------------------
5642.59704344 12196.416753 6553.81970951
--------------------------------------------------
233.0 233.07288679
95.0 95.0
114.0 113.765148868
10.0 10.1263919864
226.0 226.168779246
13.0 13.2078508834
47.0 47.0683831815
62.0 62.1229251431
205.0 204.895274329
1.0 0.982572429743
24.0 23.999856881
48.0 47.999416443
0.0 0.0
12.0 11.9999597194
--------------------------------------------------
[  4.96882418e+00  -2.22379328e-14   3.49966105e+00   5.95481110e-01
   7.39639361e+00   4.60728727e+00   5.62256105e+00   4.71748964e+00
   5.89575084e+00   9.46150959e+00   1.65481947e+01   1.88782972e+01
   0.00000000e+00   1.63774938e+01] cost params
--------------------------------------------------
5642.57996918 12211.391889 6568.81191979
--------------------------------------------------
233.0 232.919639326
95.0 95.0
114.0 113.842014352
10.0 10.0287796751
226.0 226.189204429
13.0 13.0825105183
47.0 47.0740257658
62.0 61.9327515489
205.0 205.116418088
1.0 0.98642911112
24.0 23.99988188
48.0 47.9994947808
0.0 0.0
12.0 11.9999682083
--------------------------------------------------
[  4.97134455e+00  -2.64369815e-14   3.50123572e+00   5.83310889e-01
   7.37731650e+00   4.50969134e+00   5.61382964e+00   4.71825707e+00
   5.86961329e+00   9.83423913e+00   1.68476225e+01   1.91049040e+01
   0.00000000e+00   1.67481466e+01] cost params
--------------------------------------------------
5642.57733867 12223.6170987 6581.03976001
--------------------------------------------------
233.0 233.215804549
95.0 95.0
114.0 113.908929453
10.0 9.93729542393
226.0 226.044527922
13.0 12.9231837082
47.0 47.0565779246
62.0 61.944371659
205.0 204.516171301
1.0 0.99059294222
24.0 23.9999123218
48.0 47.9996046816
0.0 0.0
12.0 11.9999780605
--------------------------------------------------
[  4.96943028e+00  -2.63277191e-14   3.50438041e+00   5.86864758e-01
   7.37227529e+00   4.53069985e+00   5.60697329e+00   4.72134264e+00
   5.89134643e+00   9.81030924e+00   1.68380630e+01   1.90963104e+01
   0.00000000e+00   1.67362122e+01] cost params
--------------------------------------------------
5642.57019135 12226.2070469 6583.6368555
--------------------------------------------------
233.0 233.013627404
95.0 95.0
114.0 113.991905688
10.0 9.96360231646
226.0 226.021820705
13.0 12.9580378656
47.0 47.011642616
62.0 61.9881474001
205.0 205.015484616
1.0 0.990382159203
24.0 23.9999115736
48.0 47.9996032334
0.0 0.0
12.0 11.9999777954
--------------------------------------------------
[  4.96958687e+00  -2.70224361e-14   3.50451912e+00   5.89613515e-01
   7.36857331e+00   4.53921230e+00   5.60440116e+00   4.72270669e+00
   5.89157955e+00   9.84294530e+00   1.68746191e+01   1.91229977e+01
   0.00000000e+00   1.67808525e+01] cost params
--------------------------------------------------
5642.56945391 12228.2982377 6585.72878375
--------------------------------------------------
233.0 233.022856355
95.0 95.0
114.0 113.995456451
10.0 9.98495264011
226.0 225.996416371
13.0 12.9720329002
47.0 47.0003450203
62.0 62.0080829148
205.0 205.019712896
1.0 0.990686929948
24.0 23.9999147403
48.0 47.9996150799
0.0 0.0
12.0 11.9999787635
--------------------------------------------------
[  4.96893008e+00  -1.89060212e-14   3.50745706e+00   5.95806176e-01
   7.36390883e+00   4.55057522e+00   5.60001802e+00   4.72485944e+00
   5.89100283e+00   1.00402185e+01   1.70665616e+01   1.92662822e+01
   0.00000000e+00   1.70158118e+01] cost params
--------------------------------------------------
5642.56783047 12241.9442747 6599.37644423
--------------------------------------------------
233.0 232.997077111
95.0 95.0
114.0 114.074060051
10.0 10.0331325441
226.0 225.967740626
13.0 12.9903021143
47.0 46.9752725786
62.0 62.0378019699
205.0 205.009856824
1.0 0.992345573513
24.0 23.9999296561
48.0 47.999667983
0.0 0.0
12.0 11.9999832081
--------------------------------------------------
[  4.97039182e+00  -1.29271798e-14   3.50299115e+00   6.00685171e-01
   7.35600057e+00   4.55726110e+00   5.59756272e+00   4.72576033e+00
   5.89185555e+00   1.04196384e+01   1.74241361e+01   1.95345633e+01
   0.00000000e+00   1.74539797e+01] cost params
--------------------------------------------------
5642.56613141 12267.3344684 6624.76833699
--------------------------------------------------
233.0 233.068689675
95.0 95.0
114.0 113.955961379
10.0 10.0712898678
226.0 225.903656524
13.0 13.0016580379
47.0 46.9792469461
62.0 62.0532633735
205.0 205.021011878
1.0 0.994743491903
24.0 23.9999507636
48.0 47.9997480668
0.0 0.0
12.0 11.9999891644
--------------------------------------------------
[  4.96926846e+00  -3.49238924e-15   3.50588414e+00   6.01671394e-01
   7.35904693e+00   4.56150080e+00   5.59823401e+00   4.72518395e+00
   5.89037778e+00   1.08646252e+01   1.78392165e+01   1.98474951e+01
   0.00000000e+00   1.79621646e+01] cost params
--------------------------------------------------
5642.56387515 12299.3724583 6656.80858317
--------------------------------------------------
233.0 233.016393472
95.0 95.0
114.0 114.032017898
10.0 10.0789710537
226.0 225.929209188
13.0 13.0082812735
47.0 46.9750334436
62.0 62.0429813383
205.0 204.993754203
1.0 0.996628158432
24.0 23.99996751
48.0 47.9998152105
0.0 0.0
12.0 11.9999934813
--------------------------------------------------
[  4.96911003e+00   1.04093929e-14   3.50571099e+00   5.95292777e-01
   7.36627707e+00   4.55864089e+00   5.60205787e+00   4.72412272e+00
   5.89037241e+00   1.16479845e+01   1.85618465e+01   2.03931168e+01
   0.00000000e+00   1.88472181e+01] cost params
--------------------------------------------------
5642.56114668 12355.8959095 6713.33476287
--------------------------------------------------
233.0 232.999211813
95.0 95.0
114.0 114.024887979
10.0 10.0290720325
226.0 225.982793747
13.0 13.0036982085
47.0 46.9863964063
62.0 62.0279129399
205.0 204.994852733
1.0 0.998456883476
24.0 23.9999842283
48.0 47.9998921571
0.0 0.0
12.0 11.9999973102
--------------------------------------------------
[  4.96798769e+00  -4.91568791e-15   3.50478562e+00   5.91448832e-01
   7.36677827e+00   4.55694823e+00   5.60604093e+00   4.71702161e+00
   5.89000709e+00   1.23227693e+01   1.91847141e+01   2.08629885e+01
   0.00000000e+00   1.96103013e+01] cost params
--------------------------------------------------
5642.56048113 12402.5875674 6760.02708623
--------------------------------------------------
233.0 232.943286316
95.0 95.0
114.0 114.00280359
10.0 9.99973066616
226.0 225.975805764
13.0 13.0013174056
47.0 47.0215557562
62.0 61.9232328411
205.0 204.992755712
1.0 0.999214264677
24.0 23.9999915453
48.0 47.9999325562
0.0 0.0
12.0 11.999998746
--------------------------------------------------
[  4.97136868e+00  -4.52500960e-15   3.50486276e+00   5.89896831e-01
   7.37231332e+00   4.55673961e+00   5.60627404e+00   4.72029821e+00
   5.89160189e+00   1.28369932e+01   1.96614293e+01   2.12225715e+01
   0.00000000e+00   2.01940996e+01] cost params
--------------------------------------------------
5642.56004361 12441.3783785 6798.81833487
--------------------------------------------------
233.0 233.094524059
95.0 95.0
114.0 114.001430939
10.0 9.987140006
226.0 226.022159031
13.0 13.0003099965
47.0 47.0038147866
62.0 61.9720790465
205.0 205.01092045
1.0 0.999528715839
24.0 23.9999947413
48.0 47.9999526706
0.0 0.0
12.0 11.9999993006
--------------------------------------------------
[  4.96935641e+00  -3.11201327e-15   3.50414772e+00   5.89838011e-01
   7.37141378e+00   4.55575010e+00   5.60542751e+00   4.72254375e+00
   5.89098915e+00   1.31470035e+01   1.99491052e+01   2.14392106e+01
   0.00000000e+00   2.05465675e+01] cost params
--------------------------------------------------
5642.5597675 12462.4273253 6819.86755782
--------------------------------------------------
233.0 233.001073131
95.0 95.0
114.0 113.981587566
10.0 9.98659381737
226.0 226.018722099
13.0 12.9992084858
47.0 47.0005997638
62.0 62.0058546633
205.0 205.007699154
1.0 0.999654863547
24.0 23.9999960603
48.0 47.9999619229
0.0 0.0
12.0 11.9999995084
--------------------------------------------------
[  4.96887326e+00  -3.90515635e-15   3.50435524e+00   5.90310225e-01
   7.36994880e+00   4.55623279e+00   5.60498409e+00   4.72275650e+00
   5.89058700e+00   1.35773874e+01   2.03491485e+01   2.17404633e+01
   0.00000000e+00   2.10366589e+01] cost params
--------------------------------------------------
5642.55961119 12492.3007228 6849.74111163
--------------------------------------------------
233.0 232.980972362
95.0 95.0
114.0 113.98753534
10.0 9.99032140536
226.0 226.007257272
13.0 13.0000533056
47.0 47.0015562924
62.0 62.0088532952
205.0 205.001190885
1.0 0.99977563284
24.0 23.99999736
48.0 47.9999718675
0.0 0.0
12.0 11.9999996988
--------------------------------------------------
[  4.96895285e+00  -3.47483925e-15   3.50468318e+00   5.91617535e-01
   7.36884516e+00   4.55692801e+00   5.60424055e+00   4.72232986e+00
   5.89044714e+00   1.43262180e+01   2.10449442e+01   2.22645520e+01
   0.00000000e+00   2.18890360e+01] cost params
--------------------------------------------------
5642.55946468 12544.8718334 6902.31236867
--------------------------------------------------
233.0 232.986755319
95.0 95.0
114.0 113.997063794
10.0 10.0005570974
226.0 225.999462385
13.0 13.0011145515
47.0 46.9982502315
62.0 62.0022142578
205.0 204.99756826
1.0 0.999893873032
24.0 23.9999986834
48.0 47.9999833609
0.0 0.0
12.0 11.9999998716
--------------------------------------------------
[  4.96915136e+00   9.31159356e-16   3.50499578e+00   5.91484118e-01
   7.36887268e+00   4.55701613e+00   5.60544036e+00   4.72294829e+00
   5.89163640e+00   1.50950531e+01   2.17584341e+01   2.28021991e+01
   0.00000000e+00   2.27630505e+01] cost params
--------------------------------------------------
5642.55941864 12599.486069 6956.92665037
--------------------------------------------------
233.0 232.989456587
95.0 95.0
114.0 114.004678667
10.0 9.99933377801
226.0 225.995568491
13.0 13.001167543
47.0 47.008659942
62.0 62.011231131
205.0 205.023134797
1.0 0.999950793807
24.0 23.9999993549
48.0 47.9999902805
0.0 0.0
12.0 11.9999999464
--------------------------------------------------
[  4.96951812e+00   2.21883102e-15   3.50471459e+00   5.91560149e-01
   7.36911105e+00   4.55685598e+00   5.60527870e+00   4.72252269e+00
   5.88984565e+00   1.59396453e+01   2.25421748e+01   2.33927554e+01
   0.00000000e+00   2.37231414e+01] cost params
--------------------------------------------------
5642.55937717 12658.7130512 7016.15367399
--------------------------------------------------
233.0 233.016524571
95.0 95.0
114.0 113.997401391
10.0 10.0000707609
226.0 225.998008435
13.0 13.0008826455
47.0 47.0063215755
62.0 62.0050651076
205.0 204.9811724
1.0 0.999978847593
24.0 23.9999997053
48.0 47.9999946139
0.0 0.0
12.0 11.9999999795
--------------------------------------------------
[  4.96931807e+00   2.52847359e-15   3.50474385e+00   5.91654450e-01
   7.36915696e+00   4.55682247e+00   5.60502025e+00   4.72225339e+00
   5.89034850e+00   1.62210954e+01   2.28033913e+01   2.35895715e+01
   0.00000000e+00   2.40431373e+01] cost params
--------------------------------------------------
5642.55936022 12678.5926512 7036.033291
--------------------------------------------------
233.0 233.004279768
95.0 95.0
114.0 113.998409245
10.0 10.000805661
226.0 225.99941713
13.0 13.0008620462
47.0 47.0039690276
62.0 62.0010406935
205.0 204.993458927
1.0 0.999984039036
24.0 23.9999997731
48.0 47.999995576
0.0 0.0
12.0 11.9999999851
--------------------------------------------------
[  4.96919210e+00   2.77504808e-15   3.50478214e+00   5.91718315e-01
   7.36923415e+00   4.55669965e+00   5.60467558e+00   4.72208119e+00
   5.89068349e+00   1.68186484e+01   2.33579679e+01   2.40074319e+01
   0.00000000e+00   2.47225019e+01] cost params
--------------------------------------------------
5642.55934975 12720.743002 7078.18365221
--------------------------------------------------
233.0 232.99655742
95.0 95.0
114.0 113.999642885
10.0 10.0013100129
226.0 226.001320005
13.0 13.0006802979
47.0 47.0007001309
62.0 61.9984555476
205.0 205.001603547
1.0 0.999991219813
24.0 23.9999998697
48.0 47.9999970868
0.0 0.0
12.0 11.9999999924
--------------------------------------------------
[  4.96919210e+00   2.77504808e-15   3.50478214e+00   5.91718315e-01
   7.36923415e+00   4.55669965e+00   5.60467558e+00   4.72208119e+00
   5.89068349e+00   1.68186484e+01   2.33579679e+01   2.40074319e+01
   0.00000000e+00   2.47225019e+01]
  status: 0
 success: True
    nfev: 39
     fun: 5642.5593497515692
       x: array([  4.96919210e+00,   2.77504808e-15,   3.50478214e+00,
         5.91718315e-01,   7.36923415e+00,   4.55669965e+00,
         5.60467558e+00,   4.72208119e+00,   5.89068349e+00,
         1.68186484e+01,   2.33579679e+01,   2.40074319e+01,
         0.00000000e+00,   2.47225019e+01])
 message: 'CONVERGENCE: REL_REDUCTION_OF_F_<=_FACTR*EPSMCH'
     jac: array([ -3.44258047e-03,   1.42108547e-14,  -3.57114637e-04,
         1.31001288e-03,   1.32000466e-03,   6.80297896e-04,
         7.00130930e-04,  -1.54445239e-03,   1.60354736e-03,
        -8.78018716e-06,  -1.30307278e-07,  -2.91321626e-06,
         0.00000000e+00,  -7.55245821e-09])
     nit: 36
after training:  2015-04-24 03:24:59.729171   total time =  389.909803
For 39 calls to cost total time taken is 64.3122835159
Per call avg time taken is 1.64903291066
For 39 calls to gradient total time taken is 325.49312067
Per call avg time taken is 8.34597745309
